
winter14

attend =
c(9.0,14.0,15.0,12.5,13.5,14.5,12.5,8.5,17.5,9.5,12.0,11.0,14.0,14.5,14.0,
21.5,12.5,10.5,17.5,5.0,10.5,17.5,16.5,19.0,18.0,15.5,13.5,21.5,10.5,17.0,
18.5,12.0,15.0,17.5,11.5,15.5,17.0,17.0,20.0,15.5,12.0,13.0,23.0,11.5,14.0,
13.0,22.5,8.5,11.0,9.5,11.5,17.0,11.5,17.5,7.5,8.0,14.5,9.5,19.0,16.5,
18.5,10.5,16.5,14.5,13.5,14.5,12.0,17.0,13.0,11.0,12.5,9.0,19.0,15.0,16.0,
11.0,7.0,22.0,13.0,7.5,14.5,13.0,18.5,13.0,18.5,10.0,20.5,10.5,17.5,13.0,
19.5,10.0,13.0,19.5,10.5,14.5,11.0,14.5,7.0,7.0,9.0,16.0,13.0,19.5,15.0,
17.0,18.0,10.5,15.0,8.5,10.0,14.0,16.0,12.5,13.5,17.0)

non.attend =
c(3.0,12.5,8.5,18.5,5.5,18.5,7.5,13.5,6.5,17.0,11.5,13.0,13.0)

##########################
winter13

attend =
c(25.5,16.5,18.5,14.0,18.0,13.0,16.0,16.0,17.0,22.0,18.0,13.0,11.5,17.0,10.0,
23.0,13.5,12.0,19.5,10.0,21.5,22.5,20.0,13.5,15.5,18.0,20.5,17.0,15.5,17.5,
20.5,13.0,16.0,14.5,5.5,22.0,12.0,13.5,17.0,12.5,21.5,17.0,10.5,14.0,19.0,
22.0,16.0,17.0,16.0,14.5,11.5,18.5,20.5,21.5,17.0,11.5,17.5,15.0,16.0,16.0,
18.5,9.5,15.0,22.0,11.0,15.0,19.0,21.0,8.0,17.0,14.5,15.5,12.0,17.0,15.5,
5.5,17.0,18.0,17.5,13.5,18.5,16.5,15.0,16.0,19.5,16.5,9.5,21.0,5.0,21.0,
15.5,20.0,17.0,19.5,17.5,22.0,16.5,16.0,15.0,20.0,20.5,18.5,17.0)

non.attend = c(8.5,13.0,8.0,17.5,12.5,16.0,16.5,16.5,9.0,20.0,15.5)

##########################
winter10

attend=
c(9,12,9,9,7,11,9,11,11,7,10,13,12,12,10,10,9,10,11,10,10,11,8,11,10,
12,12,8,13,7,9,11,7,9,9,8,12,9,10,10,9,12,11,10,12,8,9,12,10,9,
10,5,12,12,9,12,8,12,10,10,6,9,9,7,8,11,12,9,7,8,7,12,11,9,7,
12,11,8,7,11,5,9,6,12,13,8,10,12,10,12,5,8,8,4,9,5,12,10,8,13,
7,12,13,10,8,7,7,12,6,12,11,10,12)

non.attend=
c(5,11,8,6,4,8,8,12,10,11,11,11,11,12,8,10,9,9,10,9,7,9,4,4,10)

########################
spring10

attend = 
c(14,11,10,13,16,11,11,11,16,10,6,10,15,13,13,15,12,13,7,14,16,12,14,
11,12,15,12,15,12,15,11,15,10,15,9,15,16,14,16,16,9,14,12,15,12,10,10,7,14,15,
12,15,15,13,14,15,11,11,15,13,14,11,15,14,12,15,14,13,12,8,15,12,15,16,16,
7,13,11,9,13,15,14,14,10,13,14,13,15,15,13,12,15,15)

non.attend = c(9,13,10,12,5,7,15,16,14,8,11,13,15,2,14,12,14,15,10,12,14) 

#########################
winter09 ??

attend =
c(11,15,17,15,16,17,19,19,19,13,16,15,10,10,18,14,15,8,19,10,14,19,18,16,18,15,11,15,11,21,14,14,10,14,13,14,12,13,10,19,13,11,10,16,10,14,13,14,21,13,13,13,15,13,16,15,14,12,16,15,16,14,20,17,13,12,11,15,17,12,16,15,12,20,15,17,18,6,19,13,9,17,19,10,15,17,19,15,7,14,13,16,19,16,20,16,19,8,7,10,15,16,13,17)

non.attend = c(12,8,11,19,12,13,18,15,9,5,9,17,9)

########################
spring 09 

attend =
c(20.0,8.0,12.0,15.5,12.5,8.5,9.5,16.0,8.5,15.0,15.0,10.0,17.0,15.5,16.5,
15.0,10.5,19.0,16.0,11.0,8.0,16.5,18.0,15.5,11.5,14.5,16.0,15.0,10.0,7.5,
13.0,9.5,9.0,13.0,13.5,13.5,14.5,4.5,15.0,8.5,11.0,10.5,13.0,7.5,13.0,
15.0,11.5,11.0,15.5,12.5,14.5,12.5,11.5,18.0,15.5,13.0,18.5,13.0,16.0,13.0,
19.0,17.0,18.0,9.5,12.5,20.0,10.5,13.0,10.0,7.5,13.5,11.5,10.5,12.0,13.5,
16.5,14.5,15.5,16.0,10.5,18.0,14.0)

non.attend =
c(9.0,15.0,6.0,10.5,13.0,9.0,12.0,15.5,10.0,12.0,15.0,17.5,14.5,7.5,13.0,
13.5,11.5,9.0,8.5,6.0,8.0,15.0,13.0,11.0,13.0,14.5,13.5,10.0,16.5,11.5)

###########################
??

attend =
c(27.0,16.0,14.0,15.5,25.0,18.5,22.0,17.0,13.5,18.5,24.0,17.5,14.0,16.0,20.0,
16.5,15.0,9.0,17.0,19.0,22.5,12.5,18.5,18.0,22.0,24.0,26.0,19.0,19.5,14.0,
16.5,18.0,20.0,21.5,10.5,15.5,12.0,21.5,21.5,14.0,21.5,26.0,18.0,21.5,19.5,
23.0,18.5,20.5,20.5,15.5,18.5,13.0,21.0,11.5,14.0,19.0,24.5,14.0,9.5,18.5,
21.5,20.5,21.0,12.5,14.5,13.5,22.5,20.0,20.5,11.0,18.5,17.5,23.5,13.5,20.5,
25.0,13.0,24.0,18.5,21.0,17.5,24.0,19.5,20.5,14.0,23.5,19.5,19.5,14.5,25.0,
17.5,18.5,15.5,15.5,19.5,12.5,18.0,19.5,19.5,15.5,23.0,15.5,17.5,11.5,24.0,
22.5,23.0)

non.attend = c(17.5,13.5,2.0,19.5,17.0,10.5,15.5,18.0,22.5,19.0,16.0,20.5,22.0,19.5,12.0,14.0,10.0)

############################
??

attend= c(14,11,10,13,16,11,11,11,16,10,6,10,15,13,13,15,12,13,7,14,16,12,14,
11,12,15,12,15,12,15,11,15,10,15,9,15,16,14,16,16,9,14,12,15,12,10,10,7,14,15,
12,15,15,13,14,15,11,11,15,13,14,11,15,14,12,15,14,13,12,8,15,12,15,16,16,
7,13,11,9,13,15,14,14,10,13,14,13,15,15,13,12,15,15)

non.attend= c(9,13,10,12,5,7,15,16,14,8,11,13,15,2,14,12,14,10,12,14)

##############################
??

attend = c(8,18,16,12,20,12,17,7,19,20,18,12,8,9,17,8,18,19,18,9,14,13,19,13,13,
18,17,11,14,11,19,13,18,16,10,13,18,14,14,8,15,11,8,18,8,15,10,15,15,3,
11,7,15,10,10,15,11,16,16,21,17,12,7,6,14,9,19,8,13,20,12,11,18,12,19,
16,15,9,15,18,22,7,12,19,17)

non.attend = c(6,13,13,7,13,14,7,8,11,14,14,13,8,10,10,14,7,11,13,6,11,8,8,14,19)


