1.214400 1.232278 0.5658178 0.1187494 1.076942
0.6752878 0.1806883 0.2614472 0.410639 0.7548261
0.9535881 0.8036249 0.9224788 2.028163 1.269509
0.296586 1.127257 0.0973329 0.8234419 0.457329
0.4350461 0.7866042 0.7839251 1.367323 0.3687902
0.624334 1.034639 0.6990784 0.4638044 0.3953033
0.395347 0.1359557 0.4196391 0.6376292 0.08190097
0.3297682 0.6825655 0.4608707 0.1397435 0.0987937
0.8331334 0.2056162 0.1726911 0.1511531 0.4055409
1.543579 0.6053454 0.5049485 0.9144362 0.5448474
0.9641258 0.09524193 0.4676364 2.550975 0.6196486
0.2050741 0.4951329 0.2793358 0.4880069 0.3612284
1.907846 0.921937 0.1191524 0.09599205 0.4571795
0.1585885 0.3460549 1.126624 0.9049279 0.53362
0.0490248 0.5505854 0.8315173 1.282076 0.773708
0.1508303 1.38518 1.525839 0.6252517 0.6204553
0.2255841 0.5659732 0.4074602 1.024339 0.627651
0.0948488 0.9546824 1.114339 0.4921395 0.5398296
0.8872825 0.9506756 0.6081547 0.2916242 0.2929201
0.2688266 1.247048 0.2599503 0.407831 0.655646
0.2152505 0.2413237 0.4213748 1.060932 0.668954
0.1322233 1.067024 0.5078655 1.022663 0.1792505
0.1951598 2.587422 0.851925 0.5992207 0.2188585
1.670236 0.3856114 0.1882956 0.428283 1.466276
0.4129785 1.127088 0.6574337 1.064659 0.2720429
0.9990494 0.1294975 0.642709 0.6897643 0.4892734
0.6393731 0.5032195 0.5408116 0.3295159 0.4862615
0.06795651 0.848726 1.099572 0.6483755 1.291388
0.08590418 0.6938991 0.5912412 0.2878608 0.256146
0.3449196 1.422497 1.148382 0.4748741 0.6540868
0.3710528 0.8456263 0.1323263 0.5282256 0.433589
0.3941086 0.3813675 0.4341767 0.02835687 1.025748
0.5180942 0.2161408 0.5512268 0.9932695 0.5242601
0.4703352 0.3419977 0.01780807 0.172758 1.479943
0.3568932 0.5123846 0.5370304 0.3418237 0.5283399
0.2005667 0.8442552 0.5063622 1.102990 0.2623535
0.3563080 0.6298496 0.9726968 0.4739989 0.252108
0.2767431 0.1555922 1.880037 0.5193241 0.2122022
0.3848673 0.1866771 0.7311052 0.1553026 0.7764373
1.312114 0.6416423 0.3843133 0.4209083 0.3964867
0.5326378 0.6350531 0.5597566 0.1460168 0.2415677
0.5274691 0.8859139 0.796786 0.4617227 0.06743898
0.2866666 0.5857816 0.7296412 0.4119122 0.7516601
0.3724528 0.3465355 0.1460903 0.8190673 0.3610787
0.9247076 0.901174 0.7762549 1.230017 1.164286
0.5940255 0.06980308 0.5551482 0.4307384 1.208485
0.1342088 0.4339475 0.927117 0.1541491 1.149654
0.3997621 0.2513788 0.5387608 0.2837124 0.4519131
0.773934 0.9867883 0.2441053 0.553326 0.7173716
0.985077 0.4476289 0.553527 0.08316001 1.057347
1.111014 0.3797667 0.4639673 0.2576145 1.300687
0.1000688 0.814575 0.2889872 0.5077802 0.02813333
0.5822906 1.384694 0.04790881 0.3675268 0.8622719
0.5947588 0.5273681 1.104486 1.773669 1.000768
0.1572355 0.8728023 1.218929 0.540008 0.8440516
0.3685370 0.007713164 0.7815497 0.2204974 1.284730
1.385825 1.326942 0.0986761 0.5323583 0.4391362
0.4646944 1.410829 0.7577378 0.7275247 0.4390834
0.4324392 1.498271 0.654951 1.889855 0.6595256
1.094132 0.3293999 0.3631402 1.068735 1.199785
0.1420058 0.1729709 0.4931239 0.6737926 0.3997182
0.4082772 1.255772 0.8451313 0.6724827 1.619225
0.5182429 0.5013361 0.5791687 0.402897 0.3530764
0.7029989 0.4173284 1.091174 0.4995716 0.6435083
0.3527399 0.4061419 0.9335234 0.5398415 1.142315
0.8143347 0.6172941 0.1584841 0.2556770 1.368227
0.4145153 0.3580104 0.1462373 0.02602858 0.663562
0.3196095 0.1903266 0.7118559 1.125785 0.5608849
0.3186763 0.3392035 1.571155 0.75129 0.2327245
0.1439985 0.6382884 0.2814267 0.2890699 0.6220067
0.5841839 1.201149 0.6128257 0.6974135 0.6378901
0.6190464 0.2806283 0.2175086 0.8825336 0.3512695
0.1045994 0.5008427 0.8906954 0.4793453 0.7393263
0.6400879 1.041386 0.4209846 0.5323723 0.8384301
0.3735843 2.690158 0.3142535 0.4679445 0.6762315
0.9883688 0.3118301 0.434658 0.8343588 0.5958373
0.7134811 1.189083 1.421871 0.2632843 0.07704451
0.980986 0.3016449 0.5952063 0.5240105 0.6464565
0.9685372 0.8831709 0.7374807 0.3328358 0.1857899
0.2537779 0.5987348 1.644311 0.5072261 0.4309339
1.238217 0.3428627 0.1608248 0.485172 0.7573326
0.1674478 0.2632513 0.8424553 0.3346017 0.2302639
0.8184865 1.59554 0.2175134 0.8951719 0.3563508
0.5644867 0.602418 2.238013 0.8869268 1.586301
0.9414493 0.6137732 1.917986 0.1578288 0.6156236
0.7882472 0.2605086 0.6213917 0.8492003 0.5421611
1.260024 1.411796 0.5488072 0.2152089 0.6314763
2.029104 1.016623 0.1722344 1.625682 1.256460
1.36751 0.09551165 0.5771284 1.388821 1.448125
0.4615156 0.351041 0.4257419 0.2587924 0.2791231
0.3959923 0.1420167 0.3438102 0.1071645 1.312646
0.3471256 1.007016 1.485028 2.001057 0.1400186
0.05862417 0.3175277 0.1715244 0.5945467 0.2235367
0.2296947 1.368234 1.041323 0.3752591 0.9916102
1.892098 0.6512477 0.1044840 1.322306 0.3871126
0.4228122 0.9907485 0.03969828 1.492207 0.1557930
0.3617538 0.6159816 0.582211 3.008052 1.417666
0.08815058 0.6054722 1.127511 0.3906964 0.1817336
0.2200198 0.4500411 1.368861 0.149419 0.3432263
0.701943 0.3657669 0.3770154 0.6154304 0.1085312
1.824228 0.5112316 0.8918746 0.4664035 0.2015354
1.963301 1.028482 0.7244438 0.3129729 0.3344626
0.8145071 0.7708316 0.733807 0.5143302 0.3038303
0.2543030 0.863387 0.2777001 0.3326528 0.6834443
0.6856629 0.8243354 0.6398115 0.6833648 1.067810
1.136904 0.4637958 0.75103 0.2500215 0.1489835
0.989849 0.728488 0.6523986 0.6030316 0.1921853
2.027138 0.1635496 0.1239862 0.2143626 1.408373
0.429838 0.2067356 0.3632518 0.6027927 0.521472
0.9206043 0.5524461 0.5828342 0.9547096 0.7838731
1.613635 0.912807 0.3172238 0.59499 0.5576978
0.4095494 0.5278977 0.7243471 0.638074 0.3767459
0.5345348 0.2784302 1.081663 0.2384085 0.9548793
0.6741216 1.666789 0.4044696 0.6525714 0.8373759
0.4762761 1.305170 0.2197299 0.2987401 0.3024156
0.7233137 0.7335593 0.2268060 0.9670071 0.7408154
1.158872 0.4610179 1.184614 0.2994476 1.932358
1.234317 0.8657117 0.67338 0.7889407 0.980836
0.2258398 0.4953321 0.6436838 1.419953 0.7381041
0.2645233 0.9938689 1.598981 0.04391726 0.8325285
0.1590780 0.9499375 0.9460152 0.0393859 0.9841968
0.1255273 0.325133 0.3606318 0.5907198 0.660256
0.2278428 0.6171658 0.4244748 0.7863755 0.3555079
0.566774 1.060717 0.396497 1.550963 1.946572
0.4376695 0.4902453 0.1376145 0.5280827 0.434211
0.2815717 0.2724888 0.05376933 0.5647331 1.651682
0.4428698 0.5893737 0.7209293 1.788837 0.3561019
0.9067845 1.099844 1.114245 1.077891 1.262385
0.1173946 0.1714661 0.4558754 1.029188 0.9089783
0.6004434 0.4094438 0.2560077 0.2309889 0.5795174
0.3111043 0.7606354 0.5233976 0.1643361 0.0709068
0.7249519 1.214973 0.4129276 0.5399628 1.286098
0.909564 1.104746 1.099745 0.7767 0.6570136
0.9639517 1.661206 0.2944032 1.354641 0.2695300
0.7444392 0.9502461 0.1096823 0.5563069 0.5841035
0.2535141 0.7338282 0.4387196 1.229101 0.9939097
1.114311 1.750846 0.2376095 0.1411928 0.6050067
0.1713474 0.777204 2.155528 1.113482 0.3341315
0.06166695 0.7073 1.857700 0.2046078 0.9984365
0.3056457 1.000880 0.287439 0.2583036 0.2155428
0.2211998 0.6825513 0.4041372 0.7364529 0.7653911
0.0801634 0.4054054 0.3872766 0.4196709 0.6283228
0.4868248 0.8546177 0.8577046 0.1160383 0.3775617
0.3630271 2.510098 1.479432 1.016574 0.2466282
0.6964487 0.4503613 1.529792 0.9970425 0.9519396
0.3304201 0.2763033 0.6350037 1.873854 0.4023572
0.1935409 0.5550145 0.8758686 0.566768 0.832045
0.3418166 0.3544959 0.3052524 1.237824 0.8946501
0.1588986 0.4136973 1.110606 0.1734968 0.2232954
0.6107174 0.4764603 0.6830808 0.3202035 0.2520889
0.4961112 0.6653011 1.154015 0.627674 0.32232
0.6400266 0.3621796 1.124295 0.1380964 0.2317223
1.438679 0.945664 0.9463995 1.249181 0.7734306
0.4937299 0.7428316 0.7423754 0.9267657 0.1135311
1.095677 0.248729 1.552946 0.1806659 0.5993508
0.1471690 0.4112556 1.013374 1.086802 0.07672303
0.2727272 0.6516617 1.237088 0.3016440 0.5262526
0.3902604 0.2123785 1.958742 1.018553 0.381
0.8174927 0.8016157 0.7476646 0.1778829 0.3906711
0.5867237 0.7592954 0.2144123 1.635215 0.1622187
0.9786905 1.998017 0.8935015 0.4514479 0.751957
0.6677015 0.2432339 0.3677580 0.901091 0.03779342
0.075939 0.309296 0.08100838 0.3020662 0.3841785
0.540059 0.3622117 0.4528113 1.511637 0.3470010
0.2692358 0.1329879 2.222644 1.205434 0.2360305
0.4016117 0.2459184 0.3186625 1.620190 0.6814126
0.7518007 0.4800874 0.3175266 0.7576808 0.1127419
1.400901 0.9965626 0.2376624 0.1530312 0.5634067
1.679026 0.2858053 0.2960913 0.3383035 0.3702796
0.2626189 0.9139702 0.3181479 0.96036 0.3349443
0.3111988 1.566545 1.298523 0.7002777 0.7383245
0.1485253 0.3125547 0.5308617 0.5174821 0.6133513
2.176835 1.269958 0.6076883 0.5229709 0.3652945
0.3411956 0.2769907 0.4962225 2.121765 0.4427479
0.6726012 0.1151344 0.5428919 0.3684962 0.6759743
0.8044302 0.7960867 0.04636721 0.9321402 0.5392891
0.3603772 0.3080475 0.6424085 0.2685022 0.9867501
1.267605 0.1883039 1.044967 1.207103 2.004980
0.4479632 0.5862349 0.3803575 0.7056935 1.075849
0.1467240 0.3926311 0.3899278 0.3678168 0.4009924
0.4251722 0.1761707 0.4095445 0.3139295 1.056204
0.5411789 1.603866 1.298951 0.4549837 0.2647767
0.2568385 0.4689644 0.3644140 0.5131103 0.5682931
1.006966 0.6670201 0.7539461 0.4925136 0.2449523
0.4222521 0.4598399 0.4715646 0.8918906 0.01840408
1.168704 0.3563678 0.1538561 0.2808140 0.7524107
0.3958291 0.5064062 0.2964818 1.133415 0.6764194
0.1671122 0.7683481 0.1630053 0.3970563 1.323974
0.2041385 0.598199 0.4263898 0.1651613 1.226552
0.4501944 0.7939435 0.6290141 0.4635938 0.2407304
0.7001818 0.9134158 0.7739121 0.5590112 0.4267124
0.6235993 0.9702475 0.1646237 0.2015469 1.831763
0.2189593 0.9050257 0.8724378 0.4136447 0.7103132
0.2756612 0.09910352 0.2536793 0.6918939 0.7557546
0.7126435 0.847298 0.1818697 0.1954717 0.06204196
1.530081 0.2559978 0.5021462 0.655452 2.177892
0.2169697 0.2905378 0.5590092 0.5845019 0.985461
0.6829375 1.205010 1.228005 0.2249453 0.5290998
0.8810445 0.2131418 0.6567905 1.051535 0.2061461
0.5253396 0.3512507 0.2775862 0.6365158 0.6448768
0.9256257 0.2979627 0.3554377 0.7680002 0.6304174
0.9141524 0.6151232 0.9629871 1.039649 0.6302128
0.271935 1.273067 1.039123 0.4154468 1.277102
0.8676839 0.06822577 0.4963431 1.250926 0.3040781
0.6529484 0.4499293 1.154305 0.5543383 0.7644929
0.6555193 0.846428 2.073022 0.9891614 0.6441705
0.5415302 0.5789917 1.061218 0.4274205 0.3560689
0.2656767 0.7722356 1.629286 0.9760378 1.404042
0.3236240 0.2457448 0.6844129 0.5790422 0.4167834
1.330063 0.2518468 1.593193 0.02141468 1.466031
1.347334 0.1542999 0.7015774 1.857049 1.089819
1.623764 0.6659862 0.2422823 0.6604065 0.4763919
0.4185047 1.355906 0.3457313 0.9862058 1.106107
0.216938 0.1603487 0.4671424 0.4917735 1.282091
1.480293 0.7410907 0.2571853 0.7084815 0.1453561
0.2252989 0.08162847 0.4966248 0.5116202 1.484267
0.5006279 0.4334477 0.1805075 1.543595 1.403529
0.769942 0.2433819 0.4132483 0.5146868 0.935696
0.0997541 0.7921893 1.809644 0.8329411 0.574208
0.5593313 0.3670407 0.1696532 0.4751796 0.8273974
0.4204385 0.1822479 0.9183275 0.7361973 0.08730345
0.5542883 0.4787262 0.1876594 1.012864 1.947657
0.6027657 0.2724854 0.8245541 1.021673 0.3330930
0.3221542 0.5828793 0.1185668 0.2600098 0.4095747
0.3037253 1.073831 0.8065396 0.2964525 1.603281
1.116473 0.5898136 0.2887068 0.7237289 0.553007
0.2401730 0.8103156 0.6589426 0.4797555 0.9685982
0.2447489 2.068010 2.202046 0.1847357 0.5016868
0.7101483 0.1496877 0.5858549 0.7854662 0.2311944
0.3483856 1.396943 1.585453 1.920060 0.2629006
1.156355 0.5542438 0.3034579 0.9201924 1.158040
0.1821731 0.1963718 0.3517962 0.0924621 1.093530
0.2754429 0.1413759 0.9932226 0.3980185 0.7044236
0.9989762 1.403292 0.7037225 0.5768316 0.8514947
1.07418 0.5991255 0.6824255 0.66159 1.530686
0.3110484 0.2260137 0.501386 0.465268 0.4852801
0.4910467 0.9138112 0.3061071 0.6674663 0.4259707
0.08657191 0.1821079 0.709485 0.7838122 1.441731
0.6170903 0.7948777 0.07184028 0.550344 1.930904
0.735233 0.7638718 0.2730810 3.861348 2.209559
0.5271822 1.354843 0.3857192 0.3007089 0.8435149
0.1084469 0.258372 1.454811 2.627197 0.5014241
1.537083 0.9707279 1.360631 0.5619019 0.3076646
0.4939788 1.187186 1.866038 0.728479 0.2786528
0.2763293 1.641372 0.002276331 0.7489178 0.2250670
0.7857629 0.06424871 0.05752552 0.1199522 1.970483
0.08831129 0.4338180 0.4191072 0.6615784 0.1396432
0.7617658 0.4816773 0.2631611 0.4949163 0.9143238
0.822733 0.2377212 0.6726076 0.3673125 3.068111
1.056488 0.8156655 0.6782271 0.6001937 0.1987538
0.7395488 0.2021881 0.08433159 0.3235234 1.474531
0.5241771 0.3172772 0.6742599 1.498763 0.8166021
0.5556798 1.146751 1.520645 0.4686289 0.4057583
0.6464396 0.4463144 0.6530077 0.6485644 1.127863
0.7011268 0.5924554 0.3957913 0.1014504 1.870667
0.9747317 0.58632 1.397029 0.34559 0.2648830
0.5666247 0.1712145 0.5378012 0.5275945 0.1431674
1.034495 0.490404 0.3491964 0.292145 1.03468
0.6796946 0.5044823 0.09727574 1.670689 1.102346
0.2031150 0.5094946 0.6281054 1.727956 2.231199
0.5605016 0.2673129 0.4633054 0.1578526 1.418376
1.785929 1.167741 0.3566889 0.3233137 0.1595807
0.5589934 1.451051 0.3669614 0.0987113 0.7269966
0.9253465 0.03950812 1.525948 0.297916 0.5815074
0.5038409 0.3641874 0.1833297 0.576676 1.151698
1.502347 1.050396 0.1023934 0.1785205 0.841483
0.8603013 1.38991 0.4971679 0.1474826 0.3667639
0.4432531 0.3486558 0.2599246 1.787968 1.526112
0.2989484 0.1380905 0.9211375 0.4275629 1.100417
1.077781 0.1548448 0.2349778 1.549738 0.6384651
0.2717584 0.1202355 1.332472 0.04618658 0.1542689
0.4873438 1.04143 0.7531585 0.8331602 1.074074
0.3897068 1.365046 0.3487427 1.781636 0.641529
1.814280 1.063588 1.375475 0.2111688 0.4533809
0.5925158 0.1707612 1.439054 0.663192 0.2795743
0.09028824 0.2378768 1.506030 0.7341065 0.2839085
0.5717751 0.2631464 1.042430 0.8417101 0.5508473
0.3307013 0.7067279 0.413035 0.1885626 1.499078
0.4593254 1.691892 0.2921823 0.5222232 1.584149
0.1367763 0.4579896 0.9039524 0.5503281 0.2010793
0.6190053 0.8075776 0.4033144 0.4641952 1.001318
0.6961707 3.174022 1.283341 0.1195718 0.1982670
0.2261247 0.6848468 1.780422 1.209814 0.329175
0.5688204 0.1522657 0.1314629 0.1604180 0.7013553
0.9258277 0.5234507 0.3686302 0.861177 0.1439965
0.05146331 0.5497145 0.1745095 0.4467196 1.176085
1.416989 0.3653882 0.3618882 0.4303228 0.1526308
1.521648 0.4795809 1.041011 0.5375598 0.4355355
1.025479 1.4788 0.9189721 1.114194 0.1935317
0.7354926 1.188712 0.6504223 0.3501951 1.024542
1.029664 0.9212858 0.3207338 1.760488 0.1006560
0.4601313 0.4376228 0.8550489 0.5221878 0.6158824
0.5826803 0.5044265 1.428827 0.9965627 0.5726759
0.1463303 0.9170233 1.989697 0.7433886 0.0729766
0.2111447 0.3452985 0.4889663 0.2485635 0.2991513
1.203106 0.3204337 0.761489 0.8086905 0.1395650
0.2432651 0.4835259 0.2680747 1.140293 0.8187008
0.796021 0.4668997 0.5045763 1.134249 0.7741363
0.7745992 0.8804393 0.4023951 0.4090512 0.5775922
0.7020086 0.2166278 0.5068416 1.827399 1.086819
0.836311 1.196665 1.352602 1.006031 0.3364234
0.4137035 0.5186095 0.3156974 1.457114 0.7249425
0.3114342 0.5780587 0.3126538 0.6274268 0.7177054
0.5471148 0.02639277 0.4229339 0.1438572 0.1541876
0.4988829 0.8737261 0.5891453 0.59443 0.751579
0.1446338 0.1963471 0.419095 0.2418583 0.8700873
0.07342943 0.09400135 0.3959536 0.6758199 0.5249147
1.228699 0.9861586 1.067057 0.5749401 0.249041
0.7766562 1.065230 0.188748 1.488208 0.5648458
0.9852039 1.139205 0.9550327 0.930535 0.2033248
0.4543443 1.074401 0.2055703 0.5375983 0.06497877
1.214868 0.5002719 0.160667 0.4329925 0.4483235
0.5726476 0.807765 0.553025 1.386124 0.3189609
0.8197705 0.1477772 0.9241595 0.3597974 0.432648
0.6912846 0.7073278 0.5035896 0.9430948 0.3793134
0.0715864 0.5456446 0.8383204 0.63893 0.2594431
1.089004 0.860318 1.152702 0.4744726 0.2947134
0.4398110 0.04142514 1.152666 0.8471418 0.2827561
0.2560990 0.1641333 0.957698 0.500937 0.6176112
1.361714 0.5081423 0.3397588 0.2614733 0.4291825
0.2562325 0.6492102 0.8497064 1.045508 0.6039529
0.3634309 1.659277 0.411994 0.5581388 0.9996567
1.104582 0.8320378 0.7292101 0.5946754 1.193324
0.4488584 0.6883123 1.108840 0.2970177 1.495030
0.613732 0.6869975 0.3596753 1.052507 0.2070253
0.5038325 0.8371408 0.3021560 0.3886674 0.07571255
0.7015135 0.2342688 0.6901631 1.199333 0.3494322
0.3636443 0.1408766 0.4143994 0.6076121 0.6275002
0.08559946 0.2497845 0.7455296 0.5573807 0.848242
0.649823 0.1143934 0.3392205 0.4065901 0.4212978
0.9865132 0.1853071 0.5343454 0.4425291 0.4986628
0.4770256 0.2735667 0.4270732 0.7095918 0.4090346
0.1721595 0.3619164 0.449558 0.8769287 0.2451262
1.478265 0.8131862 1.726003 0.5253937 0.4145685
0.88083 0.8804931 0.3394472 0.5870952 0.8340197
0.8070187 0.5344328 0.792826 0.6167939 0.4296615
0.0420666 0.4030106 0.4194661 0.3366794 0.4689443
1.908684 1.286976 0.6133757 0.3038683 0.5154562
0.3324638 0.6795332 0.2012219 0.7770743 0.2242011
0.1547206 0.8119219 0.2885460 1.530624 0.6818666
0.2823073 0.874431 0.4440043 0.1264760 0.2252811
0.4893479 1.132208 0.5663767 0.9375818 0.5658078
0.1761537 0.1426898 1.599597 0.1770407 0.7801025
1.666775 0.8862384 0.2764872 0.2096339 0.3983904
0.2109356 0.9188551 0.1973208 0.8197365 0.5238966
0.4923733 1.028576 0.3546910 0.736925 0.5476404
0.1824072 0.9696617 0.5851199 0.2481650 0.1072288
0.6093668 0.9831062 0.9133987 0.5967865 0.9927422
0.2894336 0.6858689 1.210917 0.6190854 0.3416323
0.6796745 0.9694574 0.3335706 0.4452073 0.05046702
0.7557098 0.8311204 0.9381454 0.8311567 0.6726069
0.8679344 0.3161033 0.5869243 1.586755 0.4520989
0.8453764 1.210130 1.150081 1.77487 0.6044876
1.0261 1.064766 0.6771862 0.5459323 0.2881934
1.125988 0.3249007 1.191764 1.383504 0.1553758
1.268027 1.257881 0.2725541 0.2053119 1.156558
1.771245 0.717508 1.438032 0.748133 0.5443216
0.03415338 0.7063677 0.5747121 0.4696635 1.571401
0.4387528 0.2277449 0.6665804 0.8991334 0.4856507
0.5814737 0.3793312 0.5800645 0.704052 1.292099
1.272284 1.003727 0.4737813 0.2687682 0.7297516
1.478473 1.051312 1.140197 0.604607 0.5200349
0.1526046 0.3210704 1.905124 0.5263685 0.152492
1.071788 0.910908 0.5198264 1.059321 0.7516946
1.68068 0.358895 1.029547 0.5825913 0.4227626
0.3379165 0.3789188 0.542167 1.097371 0.7423106
0.2385744 1.923841 0.7602442 0.3756994 0.6414159
1.880762 0.07241951 0.7669319 0.3896195 0.8375425
0.4656099 0.02085774 1.090326 0.7834922 0.6065258
0.6230715 0.4252876 0.8820319 0.1054976 0.08300352
0.3522190 1.244027 0.4618736 1.111754 0.768417
0.58345 0.4919571 0.8240779 0.5637016 1.024762
0.4295959 1.267427 2.035539 0.830555 1.040618
1.461830 0.2343393 0.8227235 0.779669 0.4419737
2.637924 0.331725 0.8540529 0.6223844 0.2024387
0.1229429 0.4577598 0.7359867 0.1874877 1.084782
1.284351 0.5005042 0.3370875 0.3476034 0.3050401
1.540949 0.2836528 0.6436312 0.8919115 0.3286634
0.4934884 0.747951 0.1771667 0.1466220 0.3049638
1.895117 0.3618194 0.3998483 1.178431 0.5673754
0.6004133 1.274091 0.6541601 0.5497167 0.4979401
0.594916 1.024088 0.7885635 0.9949334 0.5373966
0.9295184 0.412716 0.665941 1.045249 0.3510315
0.3764955 1.241125 0.5994613 0.5297262 0.57559
1.318782 0.3938651 0.2362346 1.726382 0.7799677
0.3127995 0.3444075 0.4341129 0.1501192 0.2212925
0.9994126 0.868251 0.4135251 0.4671359 0.4806946
0.003614732 0.1091547 0.7420687 0.4350854 1.336247
0.4053330 0.451261 0.3783822 1.228756 0.996727
0.3328008 0.4925959 0.05762432 0.1260119 1.266136
1.451488 1.247143 0.3952483 0.5846744 0.4555616
1.872596 0.9165757 1.662894 0.3517909 1.010388
0.1037919 0.5518493 0.9435307 0.2253781 1.557549
0.1855587 0.3949475 0.2588946 0.7855932 1.442462
0.7979858 0.765393 0.7883539 0.2784295 0.2979851
0.98192 0.895068 0.1454523 0.08833216 1.330283
0.2118345 1.042258 0.7284197 0.1186491 0.6712504
1.121156 0.9801684 0.1945799 0.8455104 0.1204529
0.1866901 0.6533411 0.1790021 0.6398376 0.3972971
1.084923 0.8858676 0.4367064 0.9033938 1.051029
