1 1 -0.2645381
2 1 9.836433
3 1 1.643714
4 1 27.95281
5 1 17.29508
6 1 7.795316
7 1 22.87429
8 1 27.38325
9 1 27.75781
10 1 20.94612
11 1 41.11781
12 1 31.89843
13 1 23.78759
14 1 9.853001
15 1 45.24931
16 1 35.55066
17 1 37.8381
18 1 49.43836
19 1 50.21221
20 1 49.93901
1 2 18.18977
2 2 18.82136
3 2 13.74565
4 2 -4.893517
5 2 23.19826
6 2 18.43871
7 2 19.44204
8 2 8.292476
9 2 20.2185
10 2 31.17942
11 2 42.5868
12 2 29.97212
13 2 36.87672
14 2 34.46195
15 2 23.2294
16 2 34.85005
17 2 37.0571
18 2 42.40687
19 2 56.00025
20 2 54.63176
1 3 10.35476
2 3 11.46638
3 3 22.96963
4 3 23.56663
5 3 13.11244
6 3 14.92505
7 3 27.64582
8 3 33.68533
9 3 26.87654
10 3 38.81108
11 3 35.98106
12 3 27.87974
13 3 39.4112
14 3 26.70637
15 3 54.33024
16 3 61.804
17 3 40.32779
18 3 35.55865
19 3 53.6972
20 3 48.64945
1 4 39.01618
2 4 16.6076
3 4 25.89739
4 4 21.28002
5 4 15.56727
6 4 26.88792
7 4 8.950414
8 4 43.65555
9 4 32.53253
10 4 54.72612
11 4 39.7551
12 4 29.90054
13 4 45.10726
14 4 31.65902
15 4 30.46367
16 4 47.91446
17 4 42.56708
18 4 49.01105
19 4 51.74341
20 4 47.10479
1 5 12.31331
2 5 18.64821
3 5 33.78087
4 5 8.764332
5 5 31.93946
6 5 31.3295
7 5 40.631
8 5 28.95816
9 5 37.70019
10 5 38.67099
11 5 32.5748
12 5 52.07868
13 5 53.60403
14 5 51.00214
15 5 61.86833
16 5 53.58486
17 5 37.23408
18 5 46.26735
19 5 41.75387
20 5 51.26599
1 6 14.73546
2 6 24.83643
3 6 16.64371
4 6 42.95281
5 6 32.29508
6 6 22.79532
7 6 37.87429
8 6 42.38325
9 6 42.75781
10 6 35.94612
11 6 56.11781
12 6 46.89843
13 6 38.78759
14 6 24.853
15 6 60.24931
16 6 50.55066
17 6 52.8381
18 6 64.43836
19 6 65.21221
20 6 64.93901
1 7 33.18977
2 7 33.82136
3 7 28.74565
4 7 10.10648
5 7 38.19826
6 7 33.43871
7 7 34.44204
8 7 23.29248
9 7 35.2185
10 7 46.17942
11 7 57.5868
12 7 44.97212
13 7 51.87672
14 7 49.46195
15 7 38.2294
16 7 49.85005
17 7 52.0571
18 7 57.40687
19 7 71.00025
20 7 69.63176
1 8 25.35476
2 8 26.46638
3 8 37.96963
4 8 38.56663
5 8 28.11244
6 8 29.92505
7 8 42.64582
8 8 48.68533
9 8 41.87654
10 8 53.81108
11 8 50.98106
12 8 42.87974
13 8 54.4112
14 8 41.70637
15 8 69.33024
16 8 76.804
17 8 55.32779
18 8 50.55865
19 8 68.6972
20 8 63.64945
1 9 54.01618
2 9 31.6076
3 9 40.89739
4 9 36.28002
5 9 30.56727
6 9 41.88792
7 9 23.95041
8 9 58.65555
9 9 47.53253
10 9 69.72612
11 9 54.7551
12 9 44.90054
13 9 60.10726
14 9 46.65902
15 9 45.46367
16 9 62.91446
17 9 57.56708
18 9 64.01105
19 9 66.74341
20 9 62.10479
1 10 27.31331
2 10 33.64821
3 10 48.78087
4 10 23.76433
5 10 46.93946
6 10 46.3295
7 10 55.631
8 10 43.95816
9 10 52.70019
10 10 53.67099
11 10 47.5748
12 10 67.07868
13 10 68.60403
14 10 66.00214
15 10 76.86833
16 10 68.58486
17 10 52.23408
18 10 61.26735
19 10 56.75387
20 10 66.26599
1 11 29.73546
2 11 39.83643
3 11 31.64371
4 11 57.95281
5 11 47.29508
6 11 37.79532
7 11 52.87429
8 11 57.38325
9 11 57.75781
10 11 50.94612
11 11 71.11781
12 11 61.89843
13 11 53.78759
14 11 39.853
15 11 75.24931
16 11 65.55066
17 11 67.8381
18 11 79.43836
19 11 80.21221
20 11 79.93901
1 12 48.18977
2 12 48.82136
3 12 43.74565
4 12 25.10648
5 12 53.19826
6 12 48.43871
7 12 49.44204
8 12 38.29248
9 12 50.2185
10 12 61.17942
11 12 72.5868
12 12 59.97212
13 12 66.87672
14 12 64.46195
15 12 53.2294
16 12 64.85005
17 12 67.0571
18 12 72.40687
19 12 86.00025
20 12 84.63176
1 13 40.35476
2 13 41.46638
3 13 52.96963
4 13 53.56663
5 13 43.11244
6 13 44.92505
7 13 57.64582
8 13 63.68533
9 13 56.87654
10 13 68.81108
11 13 65.98106
12 13 57.87974
13 13 69.4112
14 13 56.70637
15 13 84.33024
16 13 91.804
17 13 70.32779
18 13 65.55865
19 13 83.6972
20 13 78.64945
1 14 69.01618
2 14 46.6076
3 14 55.89739
4 14 51.28002
5 14 45.56727
6 14 56.88792
7 14 38.95041
8 14 73.65555
9 14 62.53253
10 14 84.72612
11 14 69.7551
12 14 59.90054
13 14 75.10726
14 14 61.65902
15 14 60.46367
16 14 77.91446
17 14 72.56708
18 14 79.01105
19 14 81.74341
20 14 77.10479
1 15 42.31331
2 15 48.64821
3 15 63.78087
4 15 38.76433
5 15 61.93946
6 15 61.3295
7 15 70.631
8 15 58.95816
9 15 67.70019
10 15 68.67099
11 15 62.5748
12 15 82.07868
13 15 83.60403
14 15 81.00214
15 15 91.86833
16 15 83.58486
17 15 67.23408
18 15 76.26735
19 15 71.75387
20 15 81.26599
1 16 44.73546
2 16 54.83643
3 16 46.64371
4 16 72.95281
5 16 62.29508
6 16 52.79532
7 16 67.87429
8 16 72.38325
9 16 72.75781
10 16 65.94612
11 16 86.11781
12 16 76.89843
13 16 68.78759
14 16 54.853
15 16 90.24931
16 16 80.55066
17 16 82.8381
18 16 94.43836
19 16 95.21221
20 16 94.93901
1 17 63.18977
2 17 63.82136
3 17 58.74565
4 17 40.10648
5 17 68.19826
6 17 63.43871
7 17 64.44204
8 17 53.29248
9 17 65.2185
10 17 76.17942
11 17 87.5868
12 17 74.97212
13 17 81.87672
14 17 79.46195
15 17 68.2294
16 17 79.85005
17 17 82.0571
18 17 87.40687
19 17 101.0003
20 17 99.63176
1 18 55.35476
2 18 56.46638
3 18 67.96963
4 18 68.56663
5 18 58.11244
6 18 59.92505
7 18 72.64582
8 18 78.68533
9 18 71.87654
10 18 83.81108
11 18 80.98106
12 18 72.87974
13 18 84.4112
14 18 71.70637
15 18 99.33024
16 18 106.804
17 18 85.32779
18 18 80.55865
19 18 98.6972
20 18 93.64945
1 19 84.01618
2 19 61.6076
3 19 70.89739
4 19 66.28002
5 19 60.56727
6 19 71.88792
7 19 53.95041
8 19 88.65555
9 19 77.53253
10 19 99.72612
11 19 84.7551
12 19 74.90054
13 19 90.10726
14 19 76.65902
15 19 75.46367
16 19 92.91446
17 19 87.56708
18 19 94.01105
19 19 96.74341
20 19 92.10479
1 20 57.31331
2 20 63.64821
3 20 78.78087
4 20 53.76433
5 20 76.93946
6 20 76.3295
7 20 85.631
8 20 73.95816
9 20 82.70019
10 20 83.67099
11 20 77.5748
12 20 97.07868
13 20 98.60403
14 20 96.00214
15 20 106.8683
16 20 98.58486
17 20 82.23408
18 20 91.26735
19 20 86.75387
20 20 96.26599
