1.231621
0.4735018
8.420286
0.08218906
2.907223
0.6344873
0.9077566
0.8813804
2.162921
0.5944665
2.362296
0.1480331
7.685297
0.2764999
1.968003
4.778802
0.01143186
0.3247055
2.378869
6.257975
3.070495
0.3087761
0.4196565
0.1902622
0.115942
0.9897512
0.6421245
0.1955909
1.993247
0.3197264
1.075278
4.245983
0.5274522
0.3632177
2.479564
1.396144
2.052141
5.302543
0.1192454
0.1169355
1.985826
4.319793
2.04905
0.1520683
2.674215
3.116271
3.20226
0.03368642
1.251754
7.75191
1.607947
2.855235
5.342615
0.03354761
8.568623
0.4243771
4.167539
1.208427
2.095058
2.189896
5.493253
0.1892961
4.03313
4.534125
4.665434
2.260032
2.95138
0.1177602
4.773535
4.695635
5.075835
1.997103
2.205744
5.221881
0.1630675
0.2405229
2.740512
0.5033625
0.651754
1.584023
2.078403
1.494432
3.907827
0.237646
3.529359
2.92453
6.456062
0.6958167
6.835368
0.6082885
0.5495655
2.626124
1.952283
4.994942
1.044991
1.288747
3.022364
3.656898
0.478021
0.1805614
