4.77076 -1 1 -1 1 -1 1 -1 1 -1
5.326318 -0.9 0.81 -0.729 0.6561 -0.59049 0.531441 -0.4782969 0.4304672 -0.3874205
4.821185 -0.8 0.64 -0.512 0.4096 -0.32768 0.262144 -0.2097152 0.1677722 -0.1342177
4.676766 -0.7 0.49 -0.343 0.2401 -0.16807 0.117649 -0.0823543 0.05764801 -0.04035361
5.520899 -0.6 0.36 -0.216 0.1296 -0.07776 0.046656 -0.0279936 0.01679616 -0.0100777
5.193455 -0.5 0.25 -0.125 0.0625 -0.03125 0.015625 -0.0078125 0.00390625 -0.001953125
6.261558 -0.4 0.16 -0.064 0.0256 -0.01024 0.004096 -0.0016384 0.00065536 -0.000262144
6.105664 -0.3 0.09 -0.027 0.0081 -0.00243 0.000729 -0.0002187 6.561e-05 -1.9683e-05
6.790082 -0.2 0.04 -0.008 0.0016 -0.00032 6.4e-05 -1.28e-05 2.56e-06 -5.12e-07
7.054595 -0.1 0.01 -0.001 1e-04 -1e-05 1e-06 -1e-07 1e-08 -1e-09
7.267115 0 0 0 0 0 0 0 0 0
6.367863 0.1 0.01 0.001 1e-04 1e-05 1e-06 1e-07 1e-08 1e-09
4.113876 0.2 0.04 0.008 0.0016 0.00032 6.4e-05 1.28e-05 2.56e-06 5.12e-07
2.42364 0.3 0.09 0.027 0.0081 0.00243 0.000729 0.0002187 6.561e-05 1.9683e-05
3.087958 0.4 0.16 0.064 0.0256 0.01024 0.004096 0.0016384 0.00065536 0.000262144
3.867529 0.5 0.25 0.125 0.0625 0.03125 0.015625 0.0078125 0.00390625 0.001953125
5.63001 0.6 0.36 0.216 0.1296 0.07776 0.046656 0.0279936 0.01679616 0.0100777
8.735179 0.7 0.49 0.343 0.2401 0.16807 0.117649 0.0823543 0.05764801 0.04035361
9.977094 0.8 0.64 0.512 0.4096 0.32768 0.262144 0.2097152 0.1677722 0.1342177
10.47693 0.9 0.81 0.729 0.6561 0.59049 0.531441 0.4782969 0.4304672 0.3874205
12.22164 1 1 1 1 1 1 1 1 1
