"incomesS","incomesW"
43072,37954
52586,42982
154307,83291
27778,28787
78126,54901
28702,29391
10288,15130
57559,45462
22323,25037
72860,52592
6002,10588
21333,24319
11083,15889
25408,27198
40295,36404
102272,64774
27124,28354
162164,85852
29237,29738
15834,20060
306817,126576
52520,42949
18111,21884
70843,51689
91992,60700
32465,31776
23952,26192
94179,61582
51220,42285
52423,42899
19513,22963
153633,83068
77677,54707
34709,33145
67405,50127
43558,38222
33825,32610
23890,26149
115325,69718
202926,98424
49624,41460
7623,12411
245462,110512
43445,38160
125789,73520
80712,56012
27677,28720
7224,11976
90989,60293
25558,27300
258403,114022
38337,35283
66877,49884
24148,26329
4399,8604
37404,34742
101387,64430
23339,25761
30348,30449
52852,43117
8736,13582
65134,49077
51024,42184
71767,52104
51426,42391
13357,17956
59081,46203
25687,27388
22588,25228
16215,20372
126920,73924
18521,22203
7259,12014
19097,22647
63271,48204
125429,73392
349796,137078
25516,27272
23267,25710
36163,34012
38853,35581
38043,35113
739174,215968
22989,25513
37777,34959
38911,35614
38495,35375
7132,11875
15800,20032
27038,28297
196127,96401
34200,32837
37798,34971
26273,27785
14912,19292
18510,22195
111975,68471
21596,24511
96446,62487
42401,37584
13048,17683
24349,26469
64164,48624
82375,56719
20236,23507
13178,17798
75317,53678
14432,18885
83411,57157
81168,56207
94903,61872
28832,29476
21040,24104
15618,19882
14236,18718
354429,138179
197370,96773
36297,34092
24667,26689
10468,15303
150569,82053
137242,77540
22944,25482
96822,62636
77232,54514
41248,36941
2079,5203
23491,25868
38270,35245
54061,43727
52715,43048
30965,30840
55213,44303
79916,55672
1108,3407
159813,85091
26854,28174
31378,31099
253151,112606
7457,12231
30482,30534
157306,84274
22740,25336
26525,27954
6225,10848
16182,20345
24677,26696
13084,17715
25105,26991
10037,14886
27135,28362
91548,60520
162240,85877
309918,127352
41810,37255
3155,6887
206537,99486
29534,29929
64485,48774
45297,39168
320592,130002
8186,13011
9561,14417
52894,43138
7284,12042
17080,21070
4989,9360
61385,47310
21012,24084
357289,138856
68779,50755
136080,77139
46128,39615
144414,79990
58897,46114
40587,36569
141735,79081
59133,46228
48939,41103
57240,45305
16919,20941
171007,88677
25167,27033
63867,48484
40412,36470
13608,18175
21380,24354
197802,96902
4160,8288
43477,38177
55552,44472
76460,54177
6407,11058
12547,17236
106973,66582
351175,137406
19001,22573
5031,9412
85410,57995
35305,33502
20432,23654
51637,42499
44824,38912
29305,29782
31367,31093
683923,206014
40312,36413
57851,45604
38557,35411
25584,27318
123248,72609
27445,28567
19110,22656
180957,91787
54046,43720
81185,56214
22477,25148
36303,34095
16237,20389
19925,23275
81010,56140
158130,84543
49135,41205
53603,43497
38167,35185
240577,109169
63005,48079
14338,18806
7223,11975
82715,56863
45298,39169
244210,110169
50248,41784
28564,29302
39745,36091
32796,31980
37080,34552
104466,65622
2284,5544
119530,71262
17986,21786
108163,67035
50370,41847
18963,22544
77015,54419
27816,28812
8237,13064
36455,34185
34208,32842
11174,15975
7681,12473
9997,14847
29451,29876
117354,70465
3014,6679
49571,41432
15989,20187
910926,245186
10272,15115
223173,104291
114667,69474
38788,35544
18002,21799
305483,126241
7798,12599
28675,29374
22433,25116
106993,66590
9701,14556
56559,44970
14469,18917
141031,78841
25124,27004
31220,31000
34125,32792
10822,15642
66129,49539
17120,21102
58339,45843
100654,64144
21264,24268
9069,13922
34192,32833
15991,20189
49252,41266
37494,34794
24451,26540
22165,24924
51323,42338
13491,18073
25888,27524
52772,43077
16267,20414
20605,23782
39226,35795
19744,23138
61509,47369
55983,44685
51367,42360
58997,46162
66551,49734
9442,14298
250873,111988
509923,172363
24482,26561
38546,35404
284633,120929
139545,78332
21044,24107
53848,43620
45987,39539
27713,28744
12626,17307
33250,32259
60082,46686
59151,46237
9855,14708
37814,34980
21547,24475
51688,42525
56829,45103
23636,25970
82489,56768
73812,53014
22679,25292
53778,43585
10530,15363
24783,26769
138308,77908
149617,81736
7733,12529
5283,9725
106051,66230
20794,23922
6631,11313
10747,15570
33744,32561
131401,75508
88797,59397
70632,51594
27537,28628
15885,20102
40133,36311
83149,57047
39769,36105
7081,11818
45235,39134
64001,48547
77173,54488
144925,80163
29448,29874
44967,38989
56828,45103
24453,26541
21218,24234
16635,20713
42175,37458
97790,63019
47277,40227
45346,39194
211764,101012
149969,81854
145290,80286
139978,78481
24024,26242
80867,56079
14381,18842
67258,50059
252396,112401
164534,86615
319934,129839
34155,32810
23560,25917
58167,45759
28827,29473
71391,51936
43859,38386
39545,35977
69615,51135
37341,34705
47937,40577
106585,66434
32319,31686
65775,49375
33487,32404
6053,10647
12752,17420
35617,33688
81223,56230
13492,18074
47366,40274
23039,25549
35873,33841
112595,68703
36804,34391
46627,39882
126553,73793
9042,13895
14393,18852
25842,27493
5459,9938
39872,36163
18776,22400
29295,29775
26598,28003
9265,14121
16166,20332
69374,51025
33720,32546
26270,27782
17418,21339
44881,38943
100860,64225
145674,80415
29318,29790
29694,30032
1475,4131
7363,12128
9735,14589
232319,106872
91189,60375
56296,44841
60003,46648
26529,27956
29633,29993
93834,61443
1244828,296385
32622,31873
16818,20860
53299,43343
24237,26391
28972,29567
25004,26921
43832,38372
63207,48174
15092,19444
37630,34874
57720,45541
124211,72955
18701,22342
109075,67380
28004,28936
110720,68001
230435,106344
5357,9815
92474,60895
27816,28812
37078,34551
125960,73581
14739,19146
107419,66752
26948,28237
17967,21771
131956,75702
51460,42408
61051,47151
14420,18876
45010,39013
16631,20710
57230,45300
14872,19259
126755,73865
54201,43798
2547,5965
13267,17877
101585,64507
47301,40240
48485,40865
34773,33183
77708,54720
36252,34065
18803,22421
91051,60318
35139,33403
135691,77004
45200,39115
47739,40472
76205,54067
12344,17053
59018,46172
46964,40061
24155,26334
35707,33742
59348,46332
44215,38581
83531,57208
111368,68244
109495,67539
31499,31175
69170,50933
7493,12270
15747,19988
27021,28286
91588,60536
12730,17400
125273,73336
5064,9453
32396,31733
30093,30287
34714,33148
33253,32261
338675,134412
68097,50444
3323,7131
51225,42287
29446,29873
34153,32809
64745,48895
20080,23391
62863,48012
56987,45181
38431,35338
36460,34188
407730,150461
130516,75196
71250,51872
5311,9758
36269,34075
117477,70510
28724,29406
159856,85105
145297,80288
56780,45079
16853,20888
7878,12685
139122,78187
70350,51467
87000,58656
24656,26682
33016,32116
25939,27559
9817,14670
52245,42809
11385,16172
39787,36115
7095,11834
315272,128686
47077,40121
12509,17201
30369,30463
98311,63225
33821,32608
13320,17923
9553,14409
15412,19711
15945,20151
51637,42499
53796,43594
115891,69927
160771,85402
31247,31017
31273,31033
68357,50563
64796,48919
80813,56056
124477,73051
43822,38366
9452,14308
19886,23245
25482,27248
4398,8602
28786,29446
23646,25978
13587,18157
455946,161035
38817,35560
6973,11698
32083,31539
17957,21764
20947,24035
107196,66667
52370,42872
80600,55965
11907,16655
40269,36389
233222,107125
19487,22943
106194,66285
19364,22850
213593,101542
121655,72034
167290,87497
13140,17764
5332,9784
17836,21669
58811,46072
30159,30329
45424,39236
7898,12706
56691,45036
12374,17080
12982,17625
148698,81430
70046,51330
21120,24163
33045,32133
103949,65423
335917,133745
24474,26556
23779,26071
22226,24967
17860,21688
53684,43537
27002,28273
29221,29727
30662,30648
15795,20027
63903,48501
59138,46231
18163,21925
91239,60395
35438,33582
32778,31969
82625,56825
277976,119200
92526,60916
3528,7422
26479,27923
16613,20695
167640,87609
41996,37359
114888,69556
12274,16989
15548,19823
13161,17783
20975,24056
31365,31091
28558,29298
54255,43824
26410,27877
53122,43254
181777,92041
41398,37025
34373,32942
57911,45634
38046,35115
33645,32501
8301,13132
95093,61948
229815,106170
80516,55929
13563,18136
151896,82494
23905,26159
70976,51749
26199,27735
2895,6500
13476,18060
40133,36312
42293,37524
37180,34611
12632,17313
117437,70496
17568,21457
7612,12399
17119,21101
11632,16402
104064,65467
76901,54370
41364,37005
93852,61450
28899,29520
42748,37776
99149,63555
120878,71752
70791,51666
105150,65885
50316,41819
16552,20646
25595,27326
26820,28152
872986,238933
14114,18614
21184,24210
14342,18809
65149,49084
12328,17038
14117,18616
36673,34314
45483,39268
34492,33014
205815,99275
47254,40215
6951,11673
33063,32144
16679,20748
17794,21636
22923,25467
22067,24853
130060,75036
17525,21424
3091,6793
30745,30701
26245,27766
94636,61765
118042,70718
49479,41384
40000,36236
173597,89494
6528,11197
33349,32320
12684,17359
10517,15351
98847,63436
305796,126320
14279,18755
57608,45485
18107,21881
242376,109665
126965,73940
339585,134631
71520,51993
57315,45342
24379,26489
32378,31723
7848,12653
756611,219048
57473,45420
12166,16891
55692,44541
21616,24526
31968,31468
50436,41881
36059,33951
11872,16623
41451,37054
286363,121375
26339,27829
53083,43234
78161,54917
9814,14667
9916,14767
2037,5134
98430,63272
49330,41307
70879,51705
48217,40724
2001722,395475
52592,42985
19083,22635
18572,22243
26909,28211
28994,29581
22550,25200
92275,60815
111890,68440
27023,28287
123920,72851
62106,47653
79184,55358
201301,97943
39791,36117
189787,94491
169273,88128
74850,53472
2156,5333
77913,54809
27309,28477
20479,23689
40026,36251
34069,32758
32806,31987
42296,37525
25193,27051
51567,42463
15239,19566
48059,40641
779627,223071
40533,36538
41145,36883
21039,24103
6977,11702
59674,46490
26428,27889
14862,19250
7915,12724
10846,15665
157934,84479
81279,56254
118809,70998
19314,22812
37030,34523
98519,63307
364770,140616
26905,28208
15816,20045
268747,116777
8384,13218
26259,27775
23624,25962
73303,52788
8572,13414
36985,34497
3514,7402
118308,70815
337303,134081
33991,32711
28887,29512
12551,17240
81409,56310
51634,42497
30484,30536
45019,39018
21885,24721
189449,94389
50902,42121
58176,45763
38153,35177
62718,47943
29057,29622
26181,27723
1263,3720
75204,53628
69655,51153
20978,24058
128037,74321
61862,47537
56600,44991
91775,60612
84450,57594
108211,67053
15771,20008
50250,41785
22297,25019
59286,46302
86896,58613
51366,42360
92834,61041
64362,48716
89042,59498
48947,41107
10478,15313
10936,15750
61299,47269
69549,51105
62372,47779
118403,70850
66021,49489
76848,54347
24627,26662
78463,55047
844737,234207
20286,23544
12141,16868
130940,75346
80457,55904
13240,17852
90078,59922
16138,20309
16183,20346
22417,25105
48919,41092
48441,40842
13966,18486
49249,41265
46500,39814
34249,32867
79205,55367
69579,51118
36797,34386
90383,60046
43134,37989
137881,77761
71684,52067
32204,31615
12429,17130
1271,3737
18568,22239
17446,21361
53813,43603
2633,6100
85547,58052
118944,71048
47327,40254
33102,32168
70342,51463
91963,60688
3089,6790
137666,77687
271697,117555
63317,48226
63947,48522
17693,21556
41858,37282
74590,53358
31192,30983
20060,23376
305981,126366
41020,36813
30890,30793
51263,42307
35343,33525
32144,31577
58071,45712
16878,20908
49987,41649
22523,25181
51505,42431
270573,117259
72210,52302
63913,48506
20540,23734
122021,72166
21151,24186
878511,239850
194294,95852
33959,32692
22764,25353
81385,56299
35924,33871
4977,9344
162220,85870
36304,34096
87117,58704
348947,136876
147604,81064
12256,16973
166974,87396
12290,17004
60613,46941
29888,30156
23625,25963
10557,15389
41468,37064
85174,57896
132731,75973
44189,38567
95994,62307
18934,22521
109457,67525
68904,50812
73021,52663
8932,13784
412079,151434
98803,63419
46798,39973
23672,25996
24813,26790
42371,37567
56582,44982
21092,24142
39580,35997
84376,57563
81612,56396
19014,22582
26881,28192
16384,20509
65141,49080
395638,147733
40488,36513
74009,53101
29657,30008
39708,36070
27265,28448
8161,12985
47130,40149
26261,27776
7538,12319
105121,65874
15552,19827
40411,36469
7168,11915
7819,12621
22073,24857
44087,38511
38126,35161
55912,44650
19830,23203
16780,20829
88390,59230
9325,14181
46511,39820
112634,68717
17330,21269
12588,17273
52559,42969
56653,45017
24456,26543
74969,53525
293361,123170
67664,50245
48853,41058
41713,37201
59432,46373
12695,17369
38288,35255
1113306,276954
56918,45147
56255,44820
4802,9123
78930,55249
1309,3811
18917,22509
61064,47157
55976,44682
159079,84852
169394,88166
86137,58298
50966,42154
70544,51555
36175,34020
26500,27938
140188,78552
37917,35040
16369,20497
137752,77716
62325,47757
38050,35117
33571,32455
14091,18593
34854,33232
15852,20075
4630,8904
72281,52334
72163,52281
82300,56688
71862,52146
83208,57071
165906,87055
19725,23123
23129,25613
98935,63471
54156,43775
5332,9784
76108,54024
51696,42528
370592,141976
50810,42074
27675,28719
12287,17001
30178,30341
48526,40887
61290,47265
35957,33891
132809,76001
81304,56265
171895,88958
28209,29070
11712,16475
122708,72414
162072,85822
59554,46431
42397,37581
8227,13054
14408,18865
20839,23956
34787,33192
75463,53741
19506,22958
102204,64748
38748,35520
54937,44166
422240,153692
3905,7945
24392,26498
5776,10320
63615,48366
12327,17037
107570,66810
109832,67666
161700,85702
122926,72493
142559,79361
50963,42152
186264,93418
32599,31859
19179,22709
49714,41507
29676,30020
93618,61356
4022,8104
17082,21072
59162,46242
5004,9378
58759,46047
78501,55063
4529,8773
262845,115210
14877,19263
61488,47359
220600,103558
17120,21102
140206,78559
10803,15624
256323,113462
91624,60551
375369,143085
279737,119659
2734,6256
30080,30278
39213,35788
34013,32724
8870,13720
2084,5211
23388,25796
60230,46757
11973,16715
18886,22485
24241,26394
28762,29431
140314,78596
26156,27706
31639,31263
105922,66181
87741,58962
36254,34066
27631,28690
10287,15129
36059,33951
367031,141145
69374,51025
39709,36071
23347,25767
97796,63022
18579,22248
104560,65658
27701,28736
11367,16155
17574,21463
60811,47036
20777,23910
55010,44202
52133,42752
40200,36349
55731,44561
93819,61437
17818,21655
23599,25944
41713,37201
7395,12164
30202,30356
55369,44381
19569,23006
377980,143689
19920,23271
105786,66129
213293,101456
149315,81636
102667,64927
36998,34504
25519,27274
35703,33740
8042,12858
50720,42027
57608,45486
467078,163413
21840,24689
223042,104254
21468,24417
9661,14516
59280,46299
17500,21404
25575,27312
37115,34573
50260,41790
29681,30023
29630,29991
60509,46891
52159,42765
22614,25246
49441,41365
24425,26521
32390,31730
128549,74502
23179,25648
8088,12907
2460,5827
109226,67437
420944,153405
30318,30430
285819,121235
54285,43840
203920,98717
57118,45245
108040,66988
98707,63381
49342,41313
133542,76257
381220,144437
46209,39658
8244,13071
65223,49118
97548,62924
15163,19503
23221,25678
83133,57040
9851,14704
94124,61560
56784,45081
25528,27280
92638,60961
80414,55885
26585,27994
41490,37076
33273,32273
4353,8544
21653,24553
64777,48910
78300,54976
173435,89443
23245,25695
111302,68219
112972,68844
9306,14161
40506,36523
9290,14146
90644,60153
24959,26890
16484,20590
11232,16030
31343,31077
25930,27553
19825,23199
7880,12686
36051,33946
70965,51744
13233,17846
22576,25218
6421,11074
19537,22981
1595861,344640
45798,39438
38505,35381
63176,48159
29814,30109
1085323,272706
75725,53856
68472,50615
83679,57270
60243,46764
25308,27130
7215,11966
28670,29371
57747,45554
62696,47933
27602,28671
20600,23779
27913,28876
29932,30184
122573,72365
77838,54777
21822,24675
152001,82529
35645,33705
38819,35562
48591,40921
18374,22089
329577,132205
14839,19231
56985,45180
11214,16012
3153,6884
132869,76022
48795,41028
22549,25199
2345,5643
76675,54272
34678,33126
53835,43614
15315,19630
29005,29588
66804,49850
58691,46014
96769,62615
14633,19056
42748,37776
64059,48574
13912,18439
51109,42228
11958,16702
174066,89641
252135,112331
137079,77484
39470,35934
55204,44299
43732,38317
35179,33427
63738,48424
67516,50177
6101,10703
31976,31473
7639,12428
359641,139411
25833,27487
131572,75568
9886,14737
291321,122649
20112,23414
19842,23212
26736,28095
50094,41704
18068,21851
47489,40340
14859,19247
86201,58325
48162,40695
97165,62772
25095,26984
31734,31322
23482,25863
21830,24681
280590,119881
15117,19464
200564,97724
144779,80113
15046,19405
111007,68108
234460,107471
13772,18318
142389,79303
71067,51790
151061,82217
127305,74061
217795,102754
15758,19997
16020,20213
29353,29812
170494,88515
21389,24360
171531,88843
83486,57189
39452,35924
98829,63429
19107,22654
210056,100515
42573,37679
4868,9207
29063,29626
169874,88319
30967,30841
128814,74596
21176,24204
81312,56268
4499,8735
211427,100914
9823,14676
13049,17684
79679,55571
128909,74630
15785,20019
19841,23211
6477,11138
27092,28333
80602,55965
18457,22154
53594,43492
157167,84229
31815,31373
3568,7479
31959,31463
9185,14039
3268,7052
39052,35695
156711,84080
129116,74703
4264,8427
45371,39208
31165,30966
28232,29085
34434,32979
16753,20808
15581,19851
242164,109606
16807,20851
7503,12281
125047,73255
249061,111495
25001,26919
262977,115245
10770,15592
13848,18384
26706,28075
32012,31496
45004,39010
40335,36426
28702,29391
82277,56678
106432,66376
60630,46949
78874,55224
57269,45320
57474,45420
152010,82532
169755,88281
30559,30583
83259,57093
14181,18671
16560,20652
226214,105154
50015,41663
234922,107600
23554,25913
31167,30967
14981,19351
118354,70832
17038,21037
286928,121521
2904,6514
18259,22000
74239,53203
30781,30723
47914,40565
100226,63977
13245,17857
31647,31268
36112,33982
25046,26950
79514,55500
141933,79148
58325,45836
111944,68459
79740,55597
36877,34434
38778,35538
466579,163307
18340,22062
49967,41638
172758,89230
155721,83755
32461,31774
65134,49077
74532,53332
15425,19721
96039,62325
27141,28366
27934,28889
29016,29595
22308,25026
20419,23644
66506,49713
673592,204118
64402,48735
111782,68399
206681,99529
27979,28919
64941,48987
15655,19912
46515,39822
26754,28107
25927,27551
28692,29385
175718,90159
66739,49820
476670,165444
17951,21759
74458,53300
69879,51254
60410,46844
59234,46277
32954,32078
55117,44255
206796,99562
23021,25536
15621,19884
19063,22620
15856,20078
27556,28640
16216,20373
2892939,494570
43025,37929
10739,15563
95660,62174
11141,15944
5980,10561
103294,65170
56440,44912
31983,31478
58559,45950
83804,57323
96491,62505
24089,26288
140162,78544
12951,17597
53915,43654
62018,47612
7278,12035
50544,41937
36406,34156
1077,3343
41419,37036
421120,153444
43565,38226
35431,33577
7042,11774
59396,46355
5101,9499
120376,71570
20778,23910
86190,58320
61482,47357
7450,12224
22214,24959
80706,56010
13338,17939
16997,21003
46060,39578
59241,46280
107304,66708
18988,22563
17433,21351
31149,30956
42414,37591
19487,22943
46909,40032
129908,74982
8184,13009
28999,29584
35082,33369
14828,19222
36910,34453
58694,46015
12624,17305
53013,43199
16080,20261
69352,51016
23153,25630
145552,80374
18622,22281
42561,37672
24517,26585
93896,61468
24198,26364
66243,49591
14279,18755
43260,38058
40664,36612
12116,16846
61013,47132
63363,48248
310234,127431
100444,64062
25181,27043
28778,29441
62291,47741
37256,34656
28913,29529
50561,41946
7875,12682
43973,38449
6104,10707
9172,14026
17276,21226
147012,80865
11595,16367
60652,46960
72031,52222
146028,80534
12877,17531
41114,36865
117920,70673
16481,20588
13741,18291
7067,11802
171714,88901
19907,23261
24846,26812
27926,28885
44273,38613
8581,13423
17676,21543
8802,13650
22150,24913
4729,9031
33858,32630
10272,15114
57858,45608
6605,11283
64485,48774
17241,21198
120298,71541
40376,36449
53215,43301
37750,34943
30984,30852
16178,20341
20108,23412
29638,29996
13151,17774
25380,27179
23223,25680
56701,45040
36739,34352
50352,41837
79327,55419
75460,53740
153664,83079
64631,48842
25864,27508
61491,47361
23499,25874
30219,30367
70949,51737
107652,66840
121477,71969
10935,15749
55202,44298
86475,58438
123461,72686
31504,31179
26207,27740
21309,24301
192952,95448
88543,59293
35309,33505
27105,28342
20075,23387
18319,22046
83224,57078
226052,105108
17568,21458
23023,25538
13271,17880
12043,16779
10129,14975
9944,14795
72700,52521
158684,84724
27846,28832
7784,12584
4665,8949
90320,60021
51317,42334
115485,69777
31925,31441
39255,35811
631,2331
67274,50067
68745,50739
89233,59576
35965,33895
86458,58431
108015,66978
30856,30771
10201,15045
95994,62307
31814,31372
25941,27560
66944,49915
7623,12411
89684,59761
34060,32753
34943,33286
103693,65324
48525,40886
8973,13825
22444,25124
47803,40506
43597,38243
60544,46908
9868,14720
77184,54493
55154,44274
72335,52358
74215,53192
129890,74976
38554,35409
55181,44288
25548,27293
20423,23647
34242,32863
6374,11020
10340,15180
22418,25106
32876,32030
59611,46459
78148,54911
49066,41169
29749,30067
33559,32448
28128,29017
28401,29196
99864,63835
10829,15649
10978,15790
27610,28676
79882,55657
52949,43166
68065,50429
15052,19410
140507,78662
37607,34860
10577,15408
36310,34099
54385,43890
14811,19207
249298,111560
27676,28720
32971,32088
7403,12172
113946,69206
6740,11437
88570,59304
16555,20648
16446,20560
21359,24338
24248,26398
49158,41217
75248,53647
45490,39272
30585,30600
41856,37280
88358,59217
49517,41404
16480,20587
7283,12041
42609,37699
23330,25755
149886,81826
34035,32738
223180,104293
25787,27456
25930,27553
28544,29289
35319,33511
167471,87555
142039,79184
5504,9993
21697,24585
27035,28295
6527,11195
45378,39211
4469,8696
12551,17240
24026,26244
35090,33374
26048,27633
63747,48428
53278,43333
23636,25971
160430,85291
15932,20140
64197,48639
19242,22757
227271,105453
10215,15059
47982,40600
25805,27468
26932,28226
94867,61857
26874,28187
55368,44381
36291,34088
37605,34859
67260,50060
52364,42869
282451,120364
10898,15714
25388,27184
19599,23028
11313,16105
5737,10274
280349,119818
27373,28520
39921,36192
10804,15625
21803,24662
41249,36941
20892,23995
25014,26928
2596,6041
164030,86453
73614,52926
3034,6709
449617,159673
51725,42543
21641,24544
31341,31076
9328,14184
88054,59092
11933,16679
39905,36182
18881,22481
28205,29067
70364,51473
57056,45215
14881,19266
137090,77488
89282,59596
5348,9803
186986,93639
31154,30959
74558,53344
11317,16109
75440,53732
55464,44428
29183,29703
118850,71013
18378,22092
13797,18339
33304,32292
3186,6932
66991,49936
48755,41006
24112,26304
22818,25392
34428,32975
51324,42338
67336,50095
87535,58877
14887,19271
49402,41345
5056,9443
14599,19028
89268,59590
11209,16008
53803,43597
91566,60528
31357,31086
104944,65806
142088,79201
96802,62628
24376,26488
83437,57168
3773,7764
76022,53986
34787,33192
43658,38276
20947,24035
31391,31108
54368,43881
50504,41916
38025,35103
36595,34267
12088,16820
20583,23766
37319,34692
49986,41648
5418,9889
46236,39673
18298,22030
31662,31277
64257,48667
9224,14079
8998,13850
122888,72479
25283,27112
2015,5096
533230,177107
84856,57764
2279,5535
22275,25003
177621,90752
98949,63476
43147,37996
29289,29772
31654,31272
11843,16596
56364,44874
114632,69461
11866,16617
34497,33017
20929,24022
116158,70025
37020,34517
95383,62064
1285,3764
93928,61481
96681,62580
23222,25679
35869,33838
42671,37733
126981,73945
26222,27750
446682,159039
39511,35958
77302,54544
11346,16136
76332,54122
47931,40573
4205,8349
41800,37249
266902,116289
32012,31495
29745,30065
51167,42257
57886,45622
63159,48151
26383,27859
13395,17989
54635,44015
39953,36209
39478,35939
75694,53843
91525,60511
69109,50905
70638,51597
203202,98505
333761,133223
39218,35791
120586,71646
190937,94839
8376,13209
72612,52481
32889,32038
60790,47026
32976,32091
133944,76397
4936,9293
8589,13431
16273,20419
47491,40341
33147,32196
36731,34348
26886,28195
4849,9183
21904,24735
16399,20522
101438,64450
3905,7944
88355,59216
58806,46070
44470,38720
135000,76764
21905,24736
46092,39595
20500,23704
27600,28670
28544,29289
150046,81879
41662,37173
127906,74274
21080,24134
19397,22875
37538,34820
144718,80093
33216,32239
261901,114958
81249,56241
17676,21543
111611,68335
21225,24240
31512,31183
118604,70923
20168,23456
4839,9170
115344,69725
40989,36795
34849,33229
24648,26676
8059,12877
10727,15551
9681,14535
14808,19205
350364,137213
15778,20014
121750,72068
5648,10168
62598,47887
24882,26837
15903,20117
57849,45603
158142,84547
22049,24840
25439,27219
34335,32919
43898,38408
95061,61935
100193,63964
133271,76162
256029,113383
33361,32327
15807,20037
67794,50305
195617,96249
2384,5705
28943,29548
21829,24681
28711,29397
58398,45871
41148,36884
10257,15100
192997,95461
51002,42173
50856,42098
81416,56313
704,2510
126089,73627
46495,39811
20279,23539
26852,28173
8273,13102
32181,31600
22633,25260
126718,73852
14391,18851
87521,58872
12997,17638
66309,49622
70806,51673
43231,38042
26767,28116
32288,31667
36167,34015
47754,40480
139853,78438
14128,18625
141992,79168
1405,3998
37136,34585
8531,13371
41486,37074
41482,37071
34557,33053
70272,51432
401446,149047
2371415,438338
7664,12455
33543,32438
200373,97667
59306,46311
110000,67730
18950,22534
47591,40394
47212,40193
18595,22260
46130,39616
26210,27742
10155,15001
32846,32011
13221,17836
12676,17352
87090,58693
47812,40510
55331,44362
9169,14024
47723,40463
50360,41842
3339,7154
26379,27856
2030,5121
24150,26330
10932,15746
2542,5957
15392,19694
11756,16516
90799,60216
38506,35381
34303,32900
13861,18395
25954,27569
30783,30725
41182,36903
42070,37400
22963,25495
24314,26445
38053,35119
505757,171506
70042,51328
19957,23298
18703,22343
49163,41220
56037,44712
9110,13964
14306,18778
18985,22561
69949,51286
45295,39167
12467,17164
65727,49352
50518,41923
33136,32189
50403,41864
151970,82519
217054,102541
92800,61027
32730,31940
27122,28353
21953,24771
57244,45307
55287,44340
124050,72897
48524,40885
29575,29955
31414,31122
17791,21633
30501,30546
155076,83543
37269,34663
106861,66539
299468,124724
57686,45524
17218,21180
41786,37242
25951,27567
4390,8592
70675,51613
29433,29864
12569,17256
75862,53916
77091,54453
8974,13826
146329,80636
104179,65512
48344,40791
63580,48350
42319,37538
39001,35666
3811,7817
13792,18335
426200,154567
31505,31179
13065,17698
30482,30534
57059,45216
8542,13382
15460,19750
31998,31487
6915,11634
26345,27833
31640,31263
44929,38969
56629,45005
32216,31622
21462,24413
7873,12679
33940,32680
11107,15912
13096,17725
48161,40694
36233,34054
135388,76899
14480,18927
225666,104999
11703,16468
124012,72884
60932,47094
26820,28152
75319,53678
21285,24284
20248,23516
11903,16652
224932,104791
15314,19629
16861,20894
93393,61266
25951,27567
61963,47585
834,2812
65978,49468
36795,34385
18547,22223
13391,17985
6325,10963
10079,14927
24914,26859
9598,14453
268670,116757
66747,49824
97995,63100
30470,30527
89905,59851
16493,20598
86188,58319
370614,141981
28973,29568
114369,69363
56715,45047
46191,39649
12514,17206
37832,34991
23473,25856
46640,39888
139873,78445
47957,40587
34001,32717
22151,24913
24347,26467
43155,38000
127980,74300
30225,30371
294007,123335
21135,24174
11922,16669
162080,85825
43310,38086
113451,69022
161836,85746
83999,57404
48792,41026
81971,56548
2829,6400
9180,14035
587563,187860
55606,44499
12403,17106
18226,21974
52101,42736
26053,27636
25243,27085
13679,18237
41220,36925
22057,24845
30721,30686
179151,91228
18364,22081
47712,40458
27646,28700
49158,41217
120080,71462
23634,25969
21938,24760
189797,94494
31037,30885
47135,40152
47491,40341
36289,34087
55995,44692
121554,71997
26162,27710
127874,74263
25282,27112
173803,89558
29502,29909
47380,40282
15539,19816
187668,93847
42412,37590
13542,18118
80092,55748
87088,58693
214657,101850
5232,9661
19546,22988
40587,36568
11814,16570
6071,10669
33324,32304
32810,31989
159354,84942
81599,56390
347001,136411
35069,33361
17837,21669
35140,33403
31995,31485
76192,54061
99752,63791
40127,36308
38473,35362
459901,161882
80141,55769
89622,59736
31175,30972
35840,33821
30844,30764
28721,29404
13651,18213
10644,15473
32561,31835
36213,34042
89548,59705
57839,45599
16788,20836
83928,57375
57811,45585
94943,61888
36267,34074
90267,59999
15134,19479
129704,74910
19359,22846
93501,61309
31729,31319
38715,35502
4716,9014
105226,65914
59569,46439
2349,5649
56547,44964
54028,43711
15110,19459
10997,15808
22880,25436
33603,32475
39804,36125
14579,19011
22914,25460
58301,45824
75056,53563
38369,35302
30375,30466
24052,26262
1334,3860
12311,17023
22416,25104
60727,46996
17396,21322
30235,30377
54197,43795
47214,40194
17050,21046
84517,57622
35303,33501
21715,24598
68962,50838
79674,55568
57505,45435
32776,31968
11970,16713
11820,16575
5064,9454
19759,23149
80829,56063
9723,14577
45639,39352
21611,24522
72362,52370
187158,93691
40392,36459
52035,42702
60254,46769
14467,18916
41627,37153
226868,105339
55505,44449
59549,46429
266438,116166
116276,70069
35987,33908
148425,81339
37881,35020
34083,32767
41523,37095
78737,55165
46442,39783
18943,22529
42804,37806
43120,37981
166332,87191
58930,46130
102816,64985
39062,35701
51377,42365
31357,31086
14918,19298
52792,43087
32943,32071
19389,22869
45227,39130
50310,41816
26231,27756
111409,68259
141976,79163
27146,28369
23096,25589
24816,26792
35582,33668
52322,42848
80237,55810
103988,65438
39603,36010
23691,26009
391760,146851
122109,72198
13479,18063
29938,30188
62428,47806
14741,19148
70777,51659
34394,32955
105625,66067
33826,32611
46767,39956
59364,46340
7987,12800
60110,46700
13945,18467
30523,30560
12269,16985
12828,17487
131315,75477
41973,37346
49589,41442
82259,56670
103562,65274
16112,20287
51913,42640
137538,77642
98962,63481
88058,59093
29699,30035
28628,29343
58866,46099
46679,39909
74329,53242
5132,9538
73002,52655
24085,26285
25987,27592
17549,21443
49081,41177
5414,9884
19182,22711
77626,54685
57694,45528
35788,33790
55624,44508
69785,51212
127781,74230
237358,108277
20054,23371
23920,26170
129434,74815
62108,47654
20944,24033
46701,39921
36685,34320
2862,6450
29506,29911
40757,36665
32268,31654
2175,5364
57240,45305
26762,28113
66682,49794
71181,51841
7903,12711
177094,90588
32176,31597
29591,29966
69785,51212
3536,7434
23838,26112
35901,33857
107145,66648
42541,37661
28101,28999
51542,42450
34116,32787
12246,16964
37130,34581
130027,75024
27086,28329
131202,75438
106402,66364
5828,10382
45658,39362
23625,25963
69167,50931
24774,26763
7953,12764
59566,46438
14895,19278
33540,32436
44843,38922
5460,9941
75125,53593
5280,9721
105677,66087
11336,16127
46892,40023
29452,29876
35824,33812
666392,202790
44578,38779
11102,15907
29480,29894
25075,26970
7413,12183
24441,26533
12615,17297
486538,167516
37704,34917
65727,49352
239114,108764
10791,15613
70604,51582
36060,33952
38192,35200
5288,9730
5717,10249
122057,72179
11619,16390
8689,13535
56737,45058
16439,20554
121783,72080
194936,96045
8330,13161
126014,73601
14652,19072
3526,7420
209933,100479
161898,85766
45474,39263
20790,23919
28870,29501
19724,23123
101010,64283
53589,43490
50227,41773
317482,129233
50392,41858
67342,50098
14129,18626
26851,28172
255778,113316
18757,22385
34034,32737
33248,32258
57655,45509
9947,14798
57682,45522
62780,47973
31582,31227
40440,36486
75510,53762
56820,45099
52980,43182
73476,52865
40868,36727
81174,56209
83009,56988
31558,31212
25893,27528
271067,117389
101734,64565
29784,30090
36232,34053
48883,41073
24032,26248
12943,17590
71324,51905
17522,21422
11915,16662
18957,22539
824330,230754
107584,66815
59081,46203
44528,38751
26261,27776
24530,26594
18702,22343
159082,84853
48443,40843
6411,11062
90814,60222
92241,60801
18168,21928
14384,18844
26804,28141
15739,19982
3793,7792
24855,26818
11458,16240
5517,10010
210433,100625
18467,22161
140780,78755
10766,15589
165450,86909
34772,33183
11054,15862
18105,21879
24516,26584
4198,8339
67590,50211
15421,19718
68854,50789
8564,13405
324322,130919
10400,15238
8761,13609
19731,23128
75747,53866
19858,23224
41351,36998
9496,14352
21321,24310
8112106,924926
204416,98863
22135,24902
19423,22895
29069,29629
21879,24717
19556,22995
23262,25707
14731,19140
72670,52507
50070,41691
161630,85680
68772,50752
272448,117753
52903,43143
47443,40315
16622,20702
32533,31818
50199,41758
83535,57209
6375,11021
108808,67279
73529,52889
9669,14524
87630,58916
83148,57046
35765,33776
52762,43071
14188,18677
17480,21388
39645,36034
26564,27980
55313,44353
46440,39782
28348,29161
19913,23265
65218,49116
67782,50299
113603,69079
147480,81022
67503,50172
17044,21041
11884,16633
185444,93167
8644,13488
119105,71106
99792,63807
78669,55136
78292,54973
39622,36021
55315,44354
10463,15299
19722,23121
8836,13686
15546,19822
21280,24280
446508,159001
10411,15249
25829,27485
261062,114734
37659,34891
128011,74311
104289,65554
42977,37902
29286,29769
5426,9899
144649,80069
20233,23505
28956,29556
17252,21207
23945,26187
19297,22799
61412,47323
11288,16081
42065,37397
30142,30318
122293,72265
1930,4950
6841,11551
93630,61361
237355,108277
15707,19955
35641,33703
20128,23426
27992,28928
52836,43109
685441,206292
85313,57955
28382,29183
20626,23798
6582,11258
22237,24975
166121,87124
33287,32282
43002,37916
55649,44520
45331,39186
18822,22435
25177,27040
31752,31334
148373,81321
24208,26371
42931,37876
2509,5904
122594,72373
10654,15482
3798,7799
61488,47359
39679,36054
8753,13600
47487,40339
161379,85599
6606,11285
1612254,346786
16876,20907
93181,61181
557340,181930
7992,12806
84540,57631
24415,26515
92320,60833
54527,43961
81997,56559
54682,44039
45671,39369
4376,8574
34925,33275
55722,44557
23215,25674
82754,56880
61608,47416
82285,56681
33955,32689
60302,46792
43680,38289
72145,52273
126831,73892
44099,38518
48269,40751
54884,44139
127894,74270
101491,64471
26476,27921
37684,34905
84124,57457
48464,40854
8018,12833
69746,51194
17487,21393
13038,17674
35219,33451
62506,47843
65298,49153
180109,91525
102954,65039
55085,44239
20660,23823
46039,39567
609309,192054
22603,25238
7735,12532
43551,38218
14673,19091
35846,33825
1294325,303486
148221,81270
39257,35812
28511,29267
30382,30471
7939,12750
2203,5410
19779,23164
12104,16835
38764,35530
10886,15703
55589,44490
22122,24892
30371,30464
92786,61021
62113,47656
58393,45869
50245,41782
30305,30422
144596,80051
43878,38397
18394,22105
14831,19224
39407,35899
41079,36846
54745,44070
15797,20030
33305,32293
23761,26058
35599,33678
133632,76288
15065,19421
25770,27444
129982,75008
29403,29845
67793,50304
254691,113022
10652,15481
36989,34499
27080,28325
17352,21286
554519,181370
23035,25546
12996,17637
5969,10549
88479,59267
6868,11581
29975,30212
17665,21534
50891,42116
11361,16150
22442,25123
185411,93158
13531,18108
98673,63367
206934,99603
45510,39283
4877,9219
134396,76554
7509,12288
464082,162775
14269,18746
54272,43833
21873,24713
149454,81682
37860,35007
114172,69290
58864,46098
52250,42811
17338,21276
18058,21843
129904,74981
30555,30581
42045,37386
18196,21951
77371,54574
271039,117382
23127,25612
17794,21636
82391,56726
147470,81019
10382,15221
126009,73599
63952,48524
52507,42942
8216,13042
105648,66076
2259,5503
9751,14605
178460,91013
25306,27128
31596,31236
104069,65469
15443,19737
40652,36606
18993,22566
67589,50211
29441,29869
10384,15223
30460,30521
31774,31347
13877,18409
48058,40640
28904,29522
123501,72700
127675,74192
106474,66392
123745,72788
11867,16618
64502,48782
86816,58580
153102,82893
119008,71071
89127,59533
102222,64755
55127,44261
96016,62316
208173,99966
9704,14559
134116,76457
13037,17673
17135,21114
67607,50219
14232,18715
207266,99700
92241,60801
37357,34714
176879,90521
24822,26796
364844,140633
74213,53191
9493,14349
31128,30943
43268,38062
70328,51457
6959,11682
43810,38360
101299,64396
97840,63039
44375,38668
12018,16757
56651,45016
207039,99634
426838,154707
1807,4735
3247,7020
29235,29737
26865,28182
11733,16495
6699,11391
450978,159966
17158,21133
54035,43714
82527,56784
49419,41353
6862,11574
51159,42254
18217,21967
10108,14955
58451,45897
681918,205647
12346,17054
26557,27975
40660,36610
16926,20947
8121,12943
15304,19621
32010,31494
30953,30832
37837,34994
28852,29489
32830,32001
181492,91953
75918,53941
25646,27360
87388,58816
16377,20504
16448,20561
36260,34070
19694,23100
7518,12297
9172,14027
18595,22261
48535,40891
137188,77522
16017,20210
64077,48583
16329,20464
28588,29317
32745,31949
44842,38922
23308,25740
26317,27814
59211,46266
347484,136527
80782,56042
60559,46915
59684,46494
35402,33560
15301,19618
144607,80055
69242,50965
17316,21258
87728,58957
104098,65480
98771,63406
803418,227181
121062,71819
53223,43305
15853,20075
27468,28582
13870,18403
10007,14857
130794,75294
57183,45277
43756,38330
26595,28001
160033,85162
98483,63293
7213,11964
4051,8142
478637,165858
170758,88599
35582,33667
217238,102594
8799,13647
159944,85133
223919,104503
33065,32146
18940,22526
153984,83184
51458,42407
56987,45181
34653,33111
59778,46539
78828,55204
30176,30340
37723,34927
140848,78778
51811,42588
10488,15323
7061,11796
55333,44363
26572,27986
20114,23417
53797,43594
77726,54728
67526,50182
44029,38479
90135,59945
4099,8207
252516,112434
785600,224108
35268,33480
140906,78798
191896,95129
23554,25913
16134,20305
50686,42010
18489,22179
15575,19846
47790,40499
14434,18887
245802,110605
23670,25995
20517,23717
16879,20909
57526,45445
21687,24577
106771,66505
81155,56201
30505,30549
49974,41642
31316,31060
10490,15325
10761,15584
21497,24439
119596,71286
8518,13357
30532,30566
37019,34517
92348,60844
22056,24845
136773,77378
42479,37627
48810,41035
7107,11847
64373,48721
39877,36166
15517,19798
63658,48386
21908,24738
31115,30934
38928,35624
29239,29739
28570,29306
61205,47224
36525,34226
120258,71527
71486,51978
67923,50364
30882,30788
3654,7599
107832,66909
9361,14217
29883,30153
30290,30413
34579,33067
14746,19152
77294,54541
53365,43377
53866,43629
122091,72191
18958,22540
14221,18705
28912,29528
101063,64304
8516,13356
133009,76071
19371,22855
21240,24251
24865,26826
46316,39716
39499,35951
10160,15005
4029,8113
40839,36711
39926,36194
23881,26143
45251,39143
6166,10779
16846,20883
27508,28609
91022,60306
39319,35848
167384,87527
443892,158435
17943,21753
19767,23155
15370,19676
78170,54920
68910,50815
217381,102635
17266,21218
20634,23804
37283,34671
117592,70553
51289,42320
102001,64669
31006,30865
17851,21681
36334,34113
22999,25520
18898,22494
14331,18799
29533,29929
706126,210051
258839,114139
44431,38698
32735,31943
27697,28733
42047,37387
8909,13759
42914,37868
12367,17074
56817,45097
58545,45943
78732,55163
65399,49200
54820,44107
4428,8643
121525,71987
43187,38018
13045,17681
58092,45722
46201,39654
6277,10908
36117,33985
40356,36438
31489,31169
63279,48208
325389,131181
61676,47449
28063,28974
5263,9700
138582,78002
39954,36210
333928,133263
79580,55528
50897,42119
64669,48860
51058,42201
76601,54239
11144,15947
20395,23626
116668,70213
409290,150810
61437,47335
11863,16615
89001,59481
50688,42011
14597,19026
50402,41863
91026,60308
115006,69600
68453,50606
37062,34542
15264,19588
86324,58376
16010,20204
56361,44873
39414,35902
145445,80338
14244,18725
23641,25974
131368,75496
138738,78056
148840,81477
19655,23070
97008,62710
34792,33194
336573,133904
21048,24110
71700,52074
7880,12686
22261,24993
297156,124137
29599,29971
56889,45133
101501,64475
20370,23607
15852,20075
97948,63082
172796,89242
49708,41504
24248,26398
91777,60613
5160,9573
300594,125009
123404,72665
2842,6420
18491,22180
21957,24773
4548,8798
920014,246669
12120,16849
18534,22213
27054,28307
96885,62661
38476,35364
12906,17557
53987,43690
15421,19719
44569,38774
34793,33195
10487,15322
11373,16161
22563,25209
33711,32541
10616,15446
26818,28150
64018,48555
24377,26488
155777,83774
22473,25145
22511,25172
93381,61261
2506083,453288
67336,50095
48061,40642
25115,26998
64755,48900
67070,49973
17725,21581
23713,26025
28576,29309
20655,23820
177462,90703
80018,55716
75820,53898
62265,47729
7253,12007
93637,61364
94845,61848
45109,39066
5262,9699
27218,28416
36432,34171
64993,49011
123484,72694
37862,35009
59961,46628
11443,16226
132021,75725
53047,43216
39845,36148
44990,39002
15180,19517
92564,60931
26710,28078
61786,47501
60731,46998
174386,89741
16207,20365
4209,8353
322632,130504
28724,29406
10901,15718
42018,37371
57551,45458
14957,19330
31594,31235
376892,143438
34403,32960
59652,46479
31253,31021
44812,38905
17249,21205
8334,13166
42691,37744
28261,29104
18079,21859
31295,31047
33589,32467
48797,41029
27392,28532
9995,14845
125289,73341
282760,120444
10168,15014
24013,26235
60219,46752
49200,41239
27762,28777
14224,18707
29100,29649
31163,30964
66479,49700
16020,20213
34307,32902
23665,25991
161156,85526
25350,27158
3723,7694
74409,53278
92907,61070
47345,40263
6967,11691
21596,24511
27112,28346
23110,25599
21567,24490
28615,29335
20700,23853
25183,27044
33718,32545
23125,25610
53753,43572
118883,71026
296806,124048
27716,28746
68372,50569
9456,14312
30347,30449
32168,31592
21428,24388
83900,57363
12630,17311
76042,53995
80129,55764
65476,49236
9212,14067
33910,32662
90539,60110
84084,57440
135688,77003
99855,63832
15302,19619
22283,25008
33735,32555
53777,43584
4848,9182
53419,43404
70555,51559
9527,14382
8243,13071
59856,46577
78319,54985
30058,30265
14274,18751
46026,39560
21353,24333
40844,36714
55945,44667
25385,27182
13730,18281
37547,34825
22540,25193
64329,48701
136207,77183
52330,42852
12265,16982
17651,21523
76395,54149
38733,35512
7264,12020
58945,46137
114969,69586
39942,36203
67875,50342
61883,47547
72370,52374
28134,29021
452231,160236
39013,35673
43526,38204
104197,65519
74912,53499
18258,21999
58525,45933
83130,57038
59599,46453
84003,57406
102960,65041
10594,15425
38604,35438
6291,10924
258629,114082
67869,50340
46613,39874
32213,31620
22142,24907
73421,52841
42602,37695
20456,23672
31455,31148
81242,56239
139164,78202
19004,22575
44550,38763
69815,51225
33161,32205
18093,21870
11953,16697
48913,41089
213026,101378
122078,72187
17399,21324
47995,40607
113661,69100
17986,21787
38200,35205
27882,28856
314241,128430
33084,32157
32528,31815
131363,75494
25218,27068
11035,15844
13851,18386
342352,135297
19956,23298
74632,53376
31559,31213
41553,37111
35714,33746
11097,15902
31931,31445
11975,16717
44260,38606
26494,27933
5167,9581
30799,30735
44323,38640
150522,82038
24443,26534
23143,25622
27708,28741
1507,4190
42230,37488
9996,14846
87580,58896
19005,22576
19301,22802
17148,21124
125074,73265
5505,9995
13535,18112
5541,10038
154146,83237
84510,57619
28987,29577
85368,57978
29784,30089
65678,49329
11624,16395
19430,22900
16547,20641
57685,45523
11002,15813
205129,99073
31837,31386
19399,22876
76326,54119
56362,44873
29215,29724
14452,18903
19064,22621
1194,3583
126571,73799
46872,40012
67625,50228
54762,44078
20643,23810
122263,72253
19690,23097
126319,73710
19680,23090
31100,30925
7225,11977
9154,14009
10954,15768
28491,29254
36888,34440
27795,28798
37531,34816
14889,19273
32933,32064
29901,30165
27471,28584
113714,69120
45772,39424
50494,41911
230553,106377
20234,23506
102191,64743
125419,73388
72537,52448
20402,23632
37959,35065
129260,74754
35011,33326
66856,49874
28998,29584
27740,28762
61380,47308
56403,44893
58901,46116
1851,4812
84066,57433
47035,40099
115711,69860
59781,46541
21212,24230
17896,21716
29696,30033
32040,31513
23954,26193
29675,30020
207956,99902
101633,64526
67451,50148
168827,87986
21893,24727
258752,114115
281009,119990
15844,20068
137702,77699
4050,8141
194192,95821
13934,18458
20672,23832
40001,36237
20712,23861
30224,30370
10743,15567
19396,22874
45946,39517
71415,51946
8091,12911
20765,23901
257583,113802
18757,22385
78424,55030
33910,32662
117642,70571
29318,29790
46372,39746
19050,22610
1285,3764
90052,59911
18301,22033
174509,89780
6549,11220
28917,29531
45762,39418
41423,37039
75270,53657
182038,92121
19634,23055
29259,29752
43908,38413
32804,31985
99190,63571
48765,41012
4979,9346
33253,32261
13062,17696
98479,63291
50054,41683
96363,62454
82081,56595
47769,40488
76262,54091
24251,26400
2958320,501326
35859,33832
16672,20742
835984,232730
17470,21380
73574,52909
56265,44825
103319,65180
18613,22275
35276,33485
113030,68865
21507,24446
31167,30967
40068,36275
72660,52503
2208,5418
21293,24289
33075,32152
7046,11779
226057,105110
23922,26171
10636,15465
8186,13010
24597,26641
12535,17225
15107,19456
16711,20774
55947,44668
30946,30828
21259,24265
100224,63976
15916,20127
24098,26294
29940,30190
65624,49305
59173,46247
24066,26272
23932,26178
142059,79191
17503,21407
135601,76973
37883,35021
49989,41649
70492,51531
918245,246380
20838,23955
40951,36774
82752,56879
35478,33605
34000,32716
21123,24165
10564,15396
42762,37784
17449,21363
2924,6544
17618,21497
346102,136196
81509,56352
88292,59189
133978,76409
31294,31047
16541,20637
39942,36203
24015,26236
147147,80910
195216,96129
15940,20147
22093,24872
46032,39563
11941,16686
120125,71478
30066,30270
66312,49623
15923,20133
22461,25136
6269,10899
92194,60782
5396,9862
17333,21272
95694,62187
49824,41564
35759,33773
64663,48857
18116,21888
126231,73678
126091,73628
148526,81372
37533,34817
3842,7859
46159,39632
46577,39855
12140,16867
87040,58673
23074,25574
85311,57954
36070,33957
36089,33968
29072,29632
25441,27220
55139,44267
19683,23092
16866,20899
27352,28505
46393,39757
83563,57221
38365,35300
146572,80717
37110,34570
29314,29788
40655,36607
88956,59462
161027,85485
84859,57765
90112,59936
26517,27949
54590,43992
35371,33542
18324,22050
6200,10819
7012,11741
38101,35147
40429,36480
11213,16012
491927,168641
21824,24677
2378,5696
106111,66253
40153,36323
70202,51400
61632,47428
62735,47951
142883,79471
123860,72829
14156,18650
14512,18954
32634,31881
20053,23371
157398,84304
30779,30722
4293,8465
18143,21909
71841,52137
66208,49575
34785,33191
24853,26818
52382,42878
5640,10157
16907,20931
87443,58839
294047,123346
186336,93440
137551,77647
61542,47385
26983,28260
46081,39590
198475,97103
41129,36874
28125,29015
13867,18401
190090,94583
64422,48745
40463,36498
81221,56229
13125,17751
100351,64026
96288,62424
18766,22392
14161,18653
23347,25767
18120,21891
123542,72715
32704,31924
15752,19993
8140,12962
51256,42303
33768,32575
57647,45505
9004,13856
27639,28695
17852,21682
15888,20104
80972,56123
31759,31337
24015,26236
5231,9660
68237,50508
24209,26372
14151,18645
40086,36285
10427,15264
27296,28468
60513,46893
73214,52749
1114958,277204
159398,84956
41958,37337
8817,13666
27589,28662
22106,24881
53816,43604
23235,25688
92311,60829
146067,80548
50358,41841
68389,50577
49235,41257
79039,55295
2668,6154
48413,40827
33396,32349
30807,30740
29923,30178
3737262,577766
109392,67500
27360,28511
65436,49217
75396,53712
63836,48470
55672,44532
30420,30495
40963,36780
32172,31594
63737,48423
36881,34435
83512,57199
21297,24293
16711,20774
51883,42624
25821,27479
63054,48102
24508,26579
32047,31517
40012,36243
76713,54288
82125,56614
13696,18252
83081,57018
58611,45975
53283,43335
42937,37880
35060,33356
24482,26561
215337,102046
46770,39958
56821,45099
42345,37553
96643,62565
18330,22055
172062,89010
21328,24316
64161,48622
67256,50058
16240,20392
43053,37944
52905,43144
1173,3540
166164,87137
183536,92582
119939,71411
8807,13655
221339,103769
70493,51531
28727,29408
13407,18000
215281,102030
145295,80287
95098,61949
17809,21647
32367,31716
39633,36027
69589,51123
2417,5758
33454,32384
69588,51122
41265,36950
4577,8835
18913,22505
314444,128480
27203,28407
132678,75955
35863,33835
112879,68809
30479,30533
83847,57340
27224,28421
163962,86432
194897,96033
35826,33813
269254,116911
48615,40933
45987,39539
41277,36957
3292,7085
66734,49818
312568,128013
6168,10781
30303,30421
83433,57166
81382,56298
99745,63789
354062,138092
17406,21329
33407,32355
14747,19153
30149,30322
10369,15208
172949,89290
102299,64785
59165,46243
14120,18619
30807,30740
36715,34338
30122,30306
22081,24863
36223,34048
55141,44267
18974,22552
42455,37614
35383,33549
20967,24050
9384,14240
117726,70602
294028,123341
11085,15891
734455,215129
5262,9699
43832,38372
38084,35137
193536,95624
21601,24515
16561,20653
86136,58297
38114,35155
6567,11241
89215,59569
21605,24518
123316,72633
193970,95754
29368,29822
19476,22935
40654,36607
170159,88409
132062,75739
83624,57247
34999,33319
175009,89936
71109,51809
36874,34431
45940,39514
57752,45556
135167,76822
61442,47337
234332,107435
19112,22658
10091,14939
17374,21304
19930,23278
16631,20709
61685,47453
216223,102302
66291,49613
13828,18366
23192,25657
10148,14994
21393,24363
24017,26237
360543,139623
19429,22900
12613,17295
29827,30117
8496,13335
8637,13481
207396,99738
19397,22875
69313,50998
44752,38873
13331,17933
10301,15143
19423,22895
40840,36711
107324,66716
16377,20504
326667,131494
19532,22977
9375,14231
51824,42594
165407,86895
20184,23469
7996,12810
95052,61931
17747,21599
49754,41527
265072,115803
56796,45087
106705,66480
30759,30710
23713,26025
11550,16325
56867,45122
15992,20190
16585,20673
61678,47450
24969,26897
29352,29812
69357,51018
19321,22817
896,2952
23342,25764
61873,47542
19555,22995
358551,139154
36773,34372
20315,23567
246772,110871
66928,49907
11898,16647
58118,45735
44658,38822
69584,51120
25029,26939
50987,42165
20494,23700
322586,130493
959133,252986
6991,11718
15788,20022
120807,71726
114556,69433
28358,29168
76809,54330
28863,29496
32583,31849
33482,32401
50140,41728
9066,13919
17061,21055
137681,77692
69482,51074
20633,23803
25375,27176
12367,17074
46224,39666
58841,46087
16005,20200
22753,25345
14701,19114
98475,63290
225804,105038
40675,36618
252820,112516
247675,111118
113166,68916
25315,27134
152683,82755
2529,5936
27484,28593
43630,38261
14150,18644
17984,21785
69420,51046
8976,13828
15257,19581
13725,18277
21144,24180
70550,51557
73461,52859
117092,70369
39373,35879
16832,20871
30655,30644
79508,55497
238053,108470
312761,128062
26489,27929
55797,44593
25288,27116
40308,36411
29556,29943
67668,50247
440581,157715
32207,31617
23952,26192
36521,34224
53951,43672
36442,34177
13044,17679
46324,39720
145109,80225
56343,44864
31671,31283
70944,51735
114959,69582
12411,17113
4631,8906
11401,16187
32547,31827
1265947,299428
10910,15726
39278,35824
30961,30837
58144,45747
36793,34384
30864,30776
57708,45534
28870,29501
13618,18184
27867,28845
71912,52169
31356,31085
30996,30859
10621,15451
34430,32977
193088,95489
42095,37413
26052,27636
17914,21730
35708,33742
30909,30804
47077,40121
32066,31529
31648,31269
186783,93577
45086,39054
23719,26029
355265,138377
20951,24039
537617,177991
352427,137704
43961,38442
19164,22698
84187,57483
46092,39596
323685,130763
25587,27320
28334,29152
18726,22361
2806,6365
11092,15898
15312,19627
83428,57164
9392,14248
2704,6209
102288,64781
57582,45473
45438,39244
67002,49941
95170,61978
13429,18019
14748,19154
27887,28859
47338,40260
56349,44866
25033,26941
47417,40302
37776,34958
67052,49964
47751,40478
25543,27290
68548,50650
91991,60700
12335,17044
40094,36290
24927,26868
3347,7165
26560,27978
19237,22753
41942,37328
25004,26921
54660,44027
9282,14138
108801,67277
49993,41652
18894,22491
44155,38548
26793,28134
35757,33772
62070,47636
103680,65319
61926,47568
70030,51323
21176,24204
189972,94547
47739,40472
103597,65287
70831,51684
37573,34840
259701,114370
20186,23470
48672,40963
105535,66033
24155,26334
71929,52176
72974,52642
26996,28269
645574,198918
77194,54497
13598,18167
198469,97101
142484,79335
20438,23658
30879,30786
40596,36574
11927,16673
32603,31861
33222,32242
93821,61438
90870,60245
6868,11581
8425,13261
13047,17682
16550,20644
20319,23569
37017,34515
35172,33423
23264,25708
81958,56543
56867,45122
7916,12725
9927,14778
34245,32865
13977,18495
483031,166781
45589,39325
20965,24049
77397,54586
71495,51982
33834,32616
109497,67540
36897,34445
3343,7159
20355,23596
42862,37838
42248,37499
77959,54829
56086,44737
51656,42508
25535,27285
40128,36309
36039,33939
6935,11655
36566,34250
11541,16317
178651,91073
320795,130052
20008,23337
74217,53193
254494,112969
26014,27609
26097,27666
9136,13991
18851,22458
9679,14533
80615,55971
15622,19885
17943,21753
75377,53704
8069,12887
11664,16431
77351,54565
20178,23464
38031,35107
46989,40075
43595,38242
13747,18296
64453,48759
27711,28743
29983,30217
16155,20323
52361,42868
177522,90721
155390,83646
74709,53410
45997,39545
7896,12704
29842,30126
10944,15758
13380,17976
48695,40975
22639,25264
103747,65345
33433,32371
35558,33653
80073,55739
10907,15723
390,1685
56032,44710
39263,35816
23085,25582
7032,11764
55656,44523
41386,37018
44810,38904
126144,73647
28264,29106
13474,18058
13425,18015
11674,16440
195905,96335
5407,9876
13200,17817
12085,16817
53950,43671
44035,38483
55628,44510
15655,19912
84921,57791
29002,29586
13715,18269
140572,78684
11392,16179
19070,22626
39347,35864
34677,33126
59838,46569
11457,16239
25516,27271
56598,44990
48552,40900
11000,15811
62509,47844
81373,56294
47135,40152
213384,101482
11258,16054
7809,12610
22913,25459
11419,16204
60285,46783
13462,18047
88453,59256
19660,23074
50010,41660
25632,27351
30177,30340
17380,21309
62109,47655
35585,33669
32958,32080
10299,15141
8354,13187
73312,52793
97707,62986
20554,23744
22967,25497
12426,17127
12177,16901
168963,88029
23795,26083
3702,7666
20745,23886
14307,18779
16569,20659
67968,50385
69510,51087
20716,23865
21482,24428
9836,14689
17457,21370
22061,24849
89668,59754
36213,34042
15941,20148
165404,86894
61431,47332
16119,20293
16485,20591
80532,55936
239637,108909
117144,70388
26908,28210
62258,47725
4777,9092
25347,27156
79899,55665
71382,51931
177354,90669
46533,39831
15238,19565
30902,30800
57669,45516
12442,17141
49047,41159
54887,44141
46490,39809
59469,46390
4826,9155
29369,29823
7079,11816
15217,19549
17349,21285
18828,22440
36828,34404
8694,13540
52222,42797
50640,41986
47832,40521
19156,22691
40171,36333
9419,14275
17962,21768
49751,41526
9016,13869
30255,30390
85914,58205
86381,58399
30479,30532
46954,40056
11020,15830
27364,28513
22188,24940
18540,22218
53398,43394
401561,149073
27588,28662
50167,41742
4771,9085
53034,43209
7508,12286
40378,36451
39371,35878
49902,41604
187083,93668
8303,13133
7261,12016
15050,19409
33186,32220
23011,25529
62945,48050
68052,50423
55989,44689
15190,19526
49537,41415
138218,77877
36925,34462
13134,17759
68866,50795
87001,58656
96772,62616
13545,18120
3110,6821
51352,42352
7535,12315
36949,34476
46965,40061
76530,54208
16313,20452
109772,67643
95166,61977
10568,15399
2252,5491
92791,61023
40895,36742
1011772,261329
174302,89715
37962,35067
82376,56720
55383,44388
238136,108493
30536,30569
50271,41796
47056,40110
64716,48882
48930,41098
559271,182312
40286,36399
19560,22999
35371,33542
27009,28277
6935,11656
22457,25133
29252,29748
20672,23832
21846,24693
197037,96674
11871,16621
8753,13600
17532,21429
49028,41149
23460,25846
77876,54793
13505,18085
44340,38649
35171,33422
25097,26985
45565,39313
1344805,310619
162809,86060
20406,23635
27226,28422
29412,29851
22521,25180
79973,55696
173186,89364
286957,121528
78013,54852
81474,56337
22788,25371
13582,18152
26946,28236
32677,31907
10165,15010
39831,36140
19397,22875
161202,85541
66723,49813
17525,21424
28138,29024
18554,22228
215155,101994
27657,28707
132598,75927
8891,13742
15506,19789
203173,98496
38589,35429
68030,50413
70645,51600
26570,27984
1535,4242
202031,98159
452177,160225
49098,41186
32323,31688
104617,65680
17821,21657
10351,15191
20538,23732
22007,24810
24203,26367
2376,5692
33050,32137
416228,152359
305566,126262
26325,27820
53567,43479
24527,26592
21154,24188
2192,5393
25426,27210
8689,13534
43081,37959
53905,43649
44725,38859
117655,70576
11146,15948
41119,36868
107363,66731
22074,24858
46034,39564
23503,25877
136681,77347
113045,68871
9010,13863
4951,9311
27189,28398
527331,175914
16588,20675
205062,99053
48449,40846
76255,54088
19970,23308
7300,12059
182391,92230
24341,26463
3053,6736
25867,27510
33123,32181
35097,33378
57911,45634
49868,41587
18189,21946
12213,16934
22637,25262
20297,23553
4686,8976
102034,64682
70403,51491
43757,38330
27933,28889
148986,81526
8399,13233
156418,83984
15441,19735
37594,34852
47485,40337
22329,25042
10318,15159
14415,18871
119508,71254
215740,102163
25837,27490
123439,72678
53174,43280
61172,47208
9593,14448
80690,56003
51462,42409
34370,32941
19185,22714
8147,12969
17574,21462
66348,49640
49674,41486
129189,74728
266972,116307
9493,14349
35477,33605
37563,34834
11081,15887
44404,38684
24961,26892
3151,6881
138645,78023
67751,50285
41130,36874
12748,17416
140332,78602
8356,13189
66935,49911
46107,39604
58174,45762
58222,45785
118506,70888
69235,50962
342046,135224
49538,41415
38187,35197
10895,15711
96565,62534
38235,35225
19957,23298
284142,120802
15527,19806
26156,27705
27887,28859
3099,6804
21231,24244
130286,75116
47259,40218
28232,29085
70986,51754
19752,23144
24550,26608
54045,43719
6354,10997
18713,22352
120320,71549
66636,49773
28251,29098
87205,58741
10856,15675
58563,45951
91367,60447
97203,62787
145819,80464
37807,34976
172652,89196
22355,25060
61507,47369
82896,56940
62578,47877
15163,19503
52309,42841
82248,56666
147446,81011
23291,25727
113366,68991
68734,50734
79292,55404
88117,59117
38811,35557
149526,81706
15580,19850
2964303,501942
34780,33187
112992,68851
63080,48114
13091,17721
61207,47225
51522,42440
42127,37431
146784,80789
11729,16491
179896,91459
359534,139385
13451,18038
65112,49066
32318,31685
49399,41343
94330,61642
24040,26254
24473,26554
71841,52137
79732,55593
58030,45692
58733,46034
111526,68303
165334,86872
24926,26868
40007,36240
256449,113496
9132,13986
57010,45192
16990,20998
27021,28286
26411,27878
50192,41755
34121,32790
37294,34678
73510,52880
41794,37246
53922,43657
116103,70005
177936,90850
102134,64721
390671,146603
75163,53610
16790,20837
73949,53075
4909,9258
41662,37172
68732,50733
25480,27247
69349,51014
49967,41638
12468,17165
109297,67464
90598,60134
7217,11968
542988,179069
1222,3638
11239,16036
39380,35883
85836,58173
53949,43671
28840,29481
140142,78537
21512,24450
225650,104994
18892,22489
51367,42360
82297,56687
29869,30144
28106,29003
15052,19410
18474,22167
4014,8093
7889,12696
63559,48340
50086,41700
279774,119669
26571,27985
25761,27439
43397,38133
56912,45144
88805,59401
78610,55111
80415,55886
81306,56266
4457,8681
52766,43074
69945,51284
22934,25474
56265,44825
48636,40944
25784,27454
19338,22830
98353,63241
41584,37129
49021,41146
48625,40938
36574,34255
47321,40251
23805,26090
38592,35431
142593,79373
135363,76890
13752,18301
36264,34072
165422,86900
36662,34307
46642,39890
97903,63064
83044,57002
72643,52495
24858,26821
62960,48058
164669,86658
72541,52450
93712,61394
19864,23228
42350,37555
58936,46132
51239,42294
39353,35867
29123,29664
82515,56779
18164,21926
28002,28934
35083,33370
68112,50451
33784,32585
10058,14906
131761,75634
58239,45794
48235,40734
33804,32597
66579,49746
20631,23802
22232,24972
25358,27164
33808,32600
23554,25913
31960,31463
46972,40065
8918,13770
61931,47570
22111,24885
5340,9793
54492,43943
39494,35948
44692,38840
25608,27335
80396,55877
4710,9006
10063,14912
152751,82777
10574,15406
38586,35428
15840,20065
98887,63452
26621,28018
31596,31236
7124,11866
51288,42320
13115,17742
31127,30942
12456,17154
38232,35223
133065,76090
27002,28273
421,1773
17469,21379
8212,13038
85371,57979
17495,21400
370717,142005
10677,15504
58447,45895
23262,25707
78435,55035
12513,17205
17292,21239
42907,37864
38515,35386
136076,77137
190920,94834
49339,41312
215023,101956
11849,16601
9631,14486
42146,37442
40001,36237
11851,16603
4139,8261
33070,32149
29786,30091
227102,105405
159814,85091
57028,45201
95125,61960
18595,22260
68501,50628
118958,71053
4564,8819
121303,71906
37293,34677
1306267,305183
11398,16184
13726,18278
84746,57718
131611,75581
56251,44818
23475,25857
17145,21122
35549,33648
40125,36307
16680,20749
30461,30521
33067,32147
39195,35777
33193,32224
15220,19551
1298,3789
27852,28835
2091,5224
9115,13969
32938,32068
25582,27317
14622,19048
43054,37944
58662,45999
16011,20205
89899,59849
56233,44809
51252,42301
6029,10619
9429,14285
14829,19222
33709,32539
22355,25060
233518,107208
79142,55340
25184,27044
46302,39708
63640,48378
24378,26489
2655646,469526
17765,21613
76154,54044
23284,25723
24929,26870
46016,39555
43905,38412
32343,31701
48311,40773
50534,41932
67068,49972
108028,66983
6358,11002
3060,6747
349012,136891
48512,40879
78866,55221
40845,36714
23595,25942
12250,16968
27905,28870
253297,112646
68745,50739
323291,130666
79783,55615
113976,69217
31280,31038
22385,25082
98157,63164
161897,85766
8757,13604
55321,44357
80028,55720
41514,37090
117983,70696
47396,40291
7733,12529
58547,45943
9733,14587
10543,15376
5367,9827
30542,30572
16498,20602
6106,10709
35061,33356
20842,23958
793438,225463
51241,42295
23688,26007
15139,19483
44642,38813
63474,48300
12481,17176
38839,35573
503402,171020
23925,26173
5868,10429
78816,55199
43508,38194
11768,16527
46578,39855
91217,60386
35325,33514
82878,56932
38413,35328
97336,62840
34606,33083
188703,94162
36041,33940
26099,27667
51337,42345
45632,39348
12667,17344
68770,50751
135081,76792
17137,21115
64410,48739
5258,9693
18320,22047
73191,52739
96307,62432
37555,34830
119008,71071
25039,26946
12546,17235
224995,104809
7603,12389
53978,43686
100908,64243
34170,32819
71622,52039
55944,44666
42020,37372
6580,11256
13837,18374
54431,43913
105758,66118
52531,42955
8089,12908
66212,49577
15785,20019
195879,96327
37353,34712
518336,174085
22932,25473
22920,25464
10816,15636
38639,35458
65755,49365
254028,112843
7666,12457
11803,16559
82546,56792
8958,13810
30115,30301
19937,23283
323654,130755
39983,36227
39024,35679
54718,44056
355656,138469
121858,72107
14479,18926
73116,52705
13207,17824
88196,59150
21668,24564
62229,47712
24895,26846
46039,39567
92197,60783
185837,93288
5813,10364
92419,60873
75265,53655
