0.4217286
0.2883051
0.6645274
0.01578868
0.02810549
0.1582506
0.1571136
0.0726334
1.363118
0.01457672
0.502415
0.2401074
0.1405068
0.1885589
0.09414202
0.4248931
0.7816018
0.2393802
0.2954674
2.020506
0.4215749
0.4829356
0.7426379
0.6740222
0.5842645
0.8029262
0.7483714
0.7853263
0.01588387
0.2989248
1.08392
0.2533079
0.1297789
1.298446
0.6145129
0.3953409
0.31464
0.6273205
0.2943423
0.564645
0.2101824
3.605504
0.422861
0.112771
0.5501694
1.124153
0.6818671
0.2881958
1.362638
0.6560815
0.04529568
0.1531019
0.5336065
0.1567581
0.4873201
0.9439117
0.2822943
1.288481
0.5238479
0.5122207
0.5139348
0.1423342
0.7815259
0.02104415
0.04931544
0.04928466
0.1401926
0.1478935
0.4862148
0.4620136
0.8212023
0.8099564
1.268073
0.7607748
0.1900071
0.1192565
0.2332437
0.02113573
0.1598384
0.3218055
0.2862816
0.1080278
2.249337
0.9285453
0.3427293
0.7197263
0.865577
0.6223916
0.7316503
0.768697
0.002299563
0.5543827
0.1499852
0.5960015
0.5574644
0.03368795
0.2403344
0.7852272
0.1299731
0.9284611
0.2316098
0.1180179
0.5910497
0.02983569
0.2016192
0.4714699
0.2082903
0.3766092
0.09434319
0.4384269
0.09501891
0.4895391
0.1616879
0.6602388
0.1592303
0.8025336
0.07286706
0.9015647
0.01502973
0.6517203
0.09989612
0.8757281
0.8818342
0.4215218
0.1743764
1.648912
0.2008531
0.5503509
0.6644616
0.3209513
0.09791686
0.2283944
0.1863751
1.731797
0.6370139
0.5407426
0.1484796
0.04208037
1.4767
0.9841261
0.3319276
0.8046961
0.3034185
0.04682616
0.1623176
0.8799412
0.1330554
0.4703131
0.2245543
0.6444532
0.08914453
0.785863
0.0310704
0.2852917
0.8653904
0.655372
0.6474365
0.2336554
0.01644489
0.07651902
0.519236
0.5412229
1.873646
0.002813046
0.002183685
0.8499921
0.2703341
0.2351843
0.02577971
0.2585932
0.7415715
0.6397428
0.7132341
1.059147
0.7120802
0.4420572
1.345493
1.114954
0.2614022
0.03432528
0.2845753
2.182955
0.2790659
0.2293907
0.1301319
0.3494209
0.4815942
0.3657398
0.5561398
0.3028123
0.3357088
0.8158294
0.05096307
0.2039921
1.370174
1.425939
0.01208669
0.2377974
0.3340543
0.4751152
0.5688875
0.04138254
0.8214539
0.07945021
0.739308
0.05651587
0.1120628
0.3352553
0.7684154
0.964411
0.1067861
0.2839465
0.9666619
1.801374
0.6597893
0.4653821
0.1577284
0.07239103
0.4641473
0.1291712
0.2691939
0.03767718
0.06421885
1.29942
1.035095
0.1026905
1.383063
0.7281714
1.381461
0.7414171
0.1370521
0.3751669
0.5251988
0.1807876
0.4804721
0.3315686
0.7888187
0.9612405
0.1115016
1.922603
0.09626354
0.4904483
0.1049788
0.6229829
0.8350476
0.1953444
0.5056684
0.03749182
1.335287
0.8378102
0.4125593
0.08387234
0.2317077
0.8552308
0.2455731
0.7814836
0.5626875
0.1733325
0.0238226
0.5461772
0.7133149
0.2590694
0.8127941
1.097009
0.08493656
0.3881296
0.7911764
0.3103981
1.291054
0.3220301
0.5761389
0.3467349
0.7677182
0.3139337
0.4621013
0.1877427
0.04012617
0.1782239
0.6357549
1.103633
0.3767048
0.01716871
0.2869274
0.5537857
0.5794565
0.4207739
1.179504
0.5774821
0.9052024
0.03605372
0.003948712
0.1182929
1.19997
0.1371255
0.8801208
0.3682864
0.3150815
0.4488586
0.5759156
0.4707992
1.484214
0.01880492
0.1790134
0.00884688
0.4523488
0.1549312
0.3164781
1.518282
0.2390317
0.5440126
0.3292508
0.03554139
0.3956643
0.3009482
1.272878
0.3321078
0.4002837
0.2531101
0.02823416
0.3022382
0.6169208
0.5017684
1.012902
0.06938266
0.1835849
0.1657351
0.02989246
0.009842899
1.750003
1.649654
0.06968923
0.1502615
0.1537667
0.6370811
0.3123048
0.04702342
0.191764
0.08746137
0.5923074
0.6731844
1.820519
0.06673408
0.6282869
0.5823655
0.05244981
0.1667052
0.02106551
0.03062439
0.00837063
0.5215636
0.01108052
0.1864904
0.7534454
0.3014296
0.7782754
0.3227174
0.5085692
0.5949124
0.1297454
1.312791
1.936667
0.2023778
0.2548655
0.01530021
0.2754076
0.6002064
1.560023
0.5753958
0.3940761
0.105524
0.2591353
0.3448346
0.3826445
0.9537835
0.3189554
0.6821278
0.09383849
0.2988236
0.03130325
0.1257436
0.2456362
1.222748
0.4476088
0.1145622
0.2529321
0.1648826
0.2366203
0.01954059
0.002908304
0.5476631
0.3455561
0.3064352
1.121259
1.139375
0.05447022
0.8872182
1.875236
0.02131385
1.229944
0.4125783
0.6874434
0.08727812
0.3066944
1.001128
0.5018882
0.2147548
0.331222
0.1908292
0.02233577
0.8759402
0.3603605
0.1348005
0.03956091
0.7535614
0.4139971
0.0830306
0.8532507
1.31013
0.4698712
0.3668385
1.973492
0.1159594
0.04642626
0.5994626
0.9366392
0.5270838
0.1596213
0.2293609
0.3478504
0.03739074
0.210671
0.2123732
1.964218
0.6804027
0.2243534
0.8820476
0.4781992
0.3042563
0.0004129869
0.7865567
1.676123
0.09735348
0.4892305
0.027929
0.295422
1.091182
0.1950207
0.08643774
0.8308891
1.112761
0.05743758
0.3592944
1.008122
0.01378114
0.860285
0.06935269
0.7697564
0.7759822
0.6711398
0.1830103
0.1534278
0.2342456
0.3074991
0.7054049
0.3481307
0.5096676
0.6611122
0.1353676
0.308612
0.364176
0.3194671
2.23934
1.006816
1.833451
0.412839
0.1880271
0.8627699
0.6618349
1.369413
0.4077039
0.569506
0.3650633
0.3886033
1.638193
0.3721662
0.1656005
0.1676402
1.676944
0.1951052
0.5730967
0.04824431
0.4365921
0.6974783
0.08990162
0.06167561
0.1887211
0.4691152
0.1055868
0.02629008
1.503975
2.451704
0.2719095
0.5775669
0.07207372
0.203813
0.1572211
0.4252779
1.317636
0.2123538
1.130785
0.003181527
0.7133256
0.4990399
0.2263989
0.1511226
0.02604333
0.01468109
0.1474421
0.4404311
0.8223283
1.21567
0.7557319
0.8722234
0.2619853
0.02739494
0.004519676
0.1931989
0.03718549
0.05149866
0.2453418
0.103183
0.3654269
0.889188
0.1696035
0.04652279
0.3114637
0.2591668
1.875059
0.608381
1.700376
0.2979029
0.1880503
0.08356286
0.1683236
0.0113146
0.2627506
0.02475639
2.790679
0.1841724
0.6144469
0.48568
0.3083863
1.557006
0.574059
0.2372249
0.5426037
0.05468183
0.7421217
0.2849316
0.07073424
0.09636296
0.05499721
0.008209858
0.1348762
1.283127
0.840384
0.6574066
0.5302025
0.6770885
0.4546785
0.06028054
0.8166438
0.01523767
0.021232
0.6664654
0.502393
0.1232614
0.7530589
0.1900196
1.205511
0.2819689
1.622719
0.3198447
0.3853905
0.4122744
0.1432216
0.002425479
0.684665
0.5932274
0.1271107
0.04777807
0.8061667
0.9583959
0.3768015
0.07214868
0.6469119
0.06546538
0.3296239
0.1421138
0.6295711
0.2095799
1.134551
0.8338864
0.1656229
0.2736921
0.4373738
1.064746
0.4647324
0.9337085
0.006997727
1.846981
0.273686
0.05966508
0.1414626
0.4433452
0.2927383
0.08556558
0.6360916
0.3112373
0.4836998
0.08144734
0.4397338
0.8482632
0.7142997
0.121726
0.04799428
0.790124
0.05954587
0.501745
0.2195873
0.4306028
1.146607
0.6291638
2.418367
0.2456706
0.3267155
0.1869455
0.3994534
0.1591979
0.7930526
0.8853193
0.4591961
0.5863881
1.161493
0.2131502
0.05092273
0.7366088
0.1947616
0.2218586
0.1289278
0.3893916
1.856052
0.6312361
0.8808945
0.4858578
0.6736837
0.2593357
0.390354
1.049888
0.3739549
1.084573
0.2570985
0.06928414
0.3009178
0.2277627
0.9510806
0.02940576
0.09863855
0.2289231
1.118013
0.3263316
0.4502416
0.7848107
0.06856875
1.001885
0.9643697
0.2186117
0.4736094
0.7467077
1.583265
1.226959
0.3196825
0.2029795
0.06774837
0.2213093
0.2524442
0.6094188
0.4225942
0.03168333
0.3658657
0.3317903
0.6573014
1.120776
0.07527016
0.1256683
0.1284048
0.5030509
0.7487851
0.2076378
0.128918
1.066187
0.07277978
0.5982605
1.022609
0.3877085
1.119474
0.1909898
0.4204888
0.7907972
0.1392581
0.07508938
0.2200505
0.6410656
1.291732
0.1348964
2.907164
1.03524
0.1790228
0.04678619
0.6215701
0.2884719
0.1929137
0.09427297
1.195475
2.067995
0.9738329
0.03805433
0.6169708
0.1695062
0.2180918
0.3690146
0.2853486
0.04218829
0.6796683
0.02736932
0.6109319
0.3021827
0.9848417
0.119801
1.346776
1.532387
0.4249213
2.519698
0.4016938
0.4969799
0.08870628
0.7080905
0.4689116
1.167664
0.4900618
0.1249055
0.443366
0.07071319
1.560343
0.956017
0.2270865
0.3266901
0.01072108
0.06772617
3.210942
0.7682596
0.02861348
0.08620199
1.394411
0.7788414
0.203073
1.064206
0.1218071
0.03046195
2.065211
0.225228
0.5427975
0.05456318
0.2376522
0.1231292
0.4686304
0.6309666
1.001497
0.2103113
0.06251681
0.3983716
0.2355584
0.04927979
0.5388277
0.01496563
0.3157679
0.02627257
1.005307
0.1051245
0.270597
0.2334486
0.338906
0.06904884
2.073855
0.5346525
0.05511381
1.127036
0.7391564
0.1846087
1.336696
1.008291
0.5785339
0.3461958
0.7304416
0.2790689
0.356785
0.04804333
1.428719
0.3061095
0.5220792
0.1237637
0.6153306
0.3508207
0.01257497
0.4872778
0.08143316
0.1173444
0.405619
0.2477865
0.3439147
0.03475905
0.4510441
0.4328867
0.1546267
0.1008817
0.03635993
0.09745187
2.029613
2.545758
0.7186602
2.027015
1.276756
0.4147296
0.7481541
0.3369779
0.427497
0.8308325
0.0855671
0.7882591
0.9093854
0.5250166
0.9287549
0.6576566
0.1135596
0.1856713
0.3235256
0.5945378
0.006526729
0.4695135
1.146144
0.06523272
0.02108486
0.1307657
0.5763404
0.3650319
0.7145399
0.4311809
0.02986501
0.2223989
0.05578674
0.9249099
0.2301836
0.08952565
0.4715383
0.2727944
0.51917
0.1440785
0.03443081
0.6672487
0.4506684
0.2979726
0.3005107
0.620425
0.609753
0.1455156
0.178945
0.7882735
0.1127659
1.557763
0.3684402
0.0006716992
0.3870598
0.09880215
0.2358376
0.2135778
1.239042
0.9443631
1.298876
0.3108895
0.9528181
2.063869
0.04769823
0.5070238
1.06432
0.23304
0.6384368
0.5094641
0.03885315
0.3138505
0.01674454
