-0.663916947320104 0.762424457956665 -0.506186518688774
0.615032798144966 1.01590424349208 0.62481442952228
-0.23011529725045 0.94039707943195 -0.216399753466938
-0.344531365670264 -2.29495829714092 0.790685116270264
0.204201349522918 -0.708735004667474 -0.14472464440723
0.208788108080626 0.73724937599352 0.153928902397309
-0.750733111519367 -2.05470313609082 1.54253367860606
-0.410798151511699 2.22161803686553 -0.912636582909409
0.155219838023186 2.6866247815089 0.417017463414889
0.261958548799157 0.346203855983066 0.0906910597019963
0.0240317950956523 1.9083408499122 0.0458608562777531
0.0100478283129632 2.39738996823258 0.0240885628000214
0.0680707069113851 1.52057232330136 0.103506432957011
0.114498871378601 1.75694757666356 0.201168514599345
0.735838975291699 4.23318398622679 3.11494176664635
0.659417386632413 1.59756521033102 1.05346227597134
-0.777101693209261 -1.18244796962192 0.918882319325048
0.40737671777606 3.24742264038265 1.32292437647075
0.794976528733969 0.656443141046138 0.521856889580082
-0.440534892491996 0.398226364628572 -0.175432608729127
-0.543596237432212 -0.134180727785265 0.0729401387599858
-0.969340214971453 -0.238034465173051 0.23073637964146
-0.742036882787943 1.05222274573095 -0.780788086240766
-0.813236142974347 -0.225434607597101 0.183331570775202
-0.526229985058308 0.295279184173684 -0.155384760675747
0.582294818945229 3.28597833467407 1.91340815944698
0.199463131371886 3.2245290285301 0.643174657230157
0.820295421872288 3.21562836149698 2.63776522337866
0.120849107857794 -0.240381016672598 -0.0290498314108329
0.511409538332373 1.78753971136949 0.914164858542256
-0.241656217724085 3.11999038892396 -0.753965076722861
-0.253438046202064 -0.0353235506542495 0.00895233166273262
-0.659418714232743 0.714122637723109 -0.470905831571867
-0.0933853527531028 2.6498384381979 -0.247456097289842
-0.483172079082578 1.22510029679008 -0.591934257484745
-0.327468095347285 0.335460211672836 -0.109852516581301
0.779166069347411 2.88705809144531 2.24949770508908
-0.596107402350754 -1.52191043120958 0.907222073758857
0.158372085541487 1.97638460814086 0.313004152223362
-0.584735940210521 -1.49905650641936 0.876552215709822
-0.437062415294349 -1.15485251212116 0.504742628256419
0.572562408167869 0.660133320212987 0.377967523532999
-0.653961301315576 -1.28423920801699 0.839842743675278
0.141495036426932 2.86391006359488 0.405229058771813
-0.161434073466808 0.090814802920139 -0.0146606035664834
-0.464755669701844 -0.0353909298188091 0.0164481352893116
-0.904381116386503 -1.50183844701857 1.35823433134683
-0.793013892136514 0.225334616212364 -0.178693481035654
-0.371937088668346 1.65357827905306 -0.615027090996209
0.601282124407589 1.88865273100259 1.13561312636543
-0.541350609157234 0.843323854393741 -0.456533882292879
-0.574003118555993 -0.755622506152011 0.433729674982349
0.754201811738312 4.08805926766061 3.08322170616323
0.98644392658025 3.8763142225099 3.82376662231154
0.688494039699435 3.90317984459312 2.68731605887733
0.820873098447919 3.55399717391387 2.91738067202583
-0.0574605353176594 1.19518292253444 -0.0686758505313536
-0.551163183990866 -2.94891730567274 1.62533465152035
-0.74437068682164 -1.51261562116067 1.12594672882051
-0.440632975194603 0.840741672783934 -0.370458504648872
0.632212120573968 1.56987768414424 0.992495699734582
-0.884774014353752 -1.18916057237753 1.05213837333367
0.605658499058336 1.59078178128994 0.963470505985413
-0.791224329266697 1.84570112295807 -1.46036363303929
0.533212037291378 0.984840508287042 0.52512881383081
-0.390378867276013 -0.460397470544159 0.17972944304777
0.538574841804802 2.09853542482718 1.13021838444807
0.0813114526681602 1.48626983712929 0.120850759513853
-0.275258935522288 0.732787421895083 -0.201706285714962
-0.814886167645454 -0.704995076793567 0.574490736337223
0.519510510377586 -0.204108427123047 -0.10603647314706
0.521639893762767 2.59503641677593 1.35367452075751
0.806521690450609 3.38875941416458 2.73310797124243
0.932565572205931 2.13862794683531 1.99441079497607
0.0305132456123829 2.07330991510952 0.0632634146703255
0.0989613477140665 0.0542497875800332 0.00536863209212191
-0.672560206148773 0.233990273959703 -0.157372546891146
-0.670806092675775 -1.33761720231526 0.897281768981002
0.572665554936975 -0.441185182857447 -0.252651557571031
0.502226839307696 3.73893229757006 1.87779215019407
0.568429408594966 3.17711870199697 1.80596770481215
0.308709829114377 1.83215419248002 0.565604007671698
-0.243791205342859 2.75163792958533 -0.670825127520736
-0.982866065111011 -3.41396234865827 3.3554677400629
0.910659107379615 3.01308724977723 2.74389534533903
0.677232295740396 -1.2510309992143 -0.8472385956403
-0.573150124866515 2.01959213361743 -1.15752948356226
-0.0105728874914348 -0.339485350444728 0.00358934041524243
0.272488512564451 -0.414680465694576 -0.112995663286649
0.842182786203921 1.36856708352754 1.1525836395122
-0.976511918473989 -2.6995945261823 2.63618622986416
-0.465194165706635 -2.90390985149634 1.35088192065412
-0.128855796530843 -0.742627945357093 0.0956919154250514
0.658934189472347 2.09034147719584 1.37739746699647
0.741888076998293 3.85253633996973 2.85815077682619
-0.497862081043422 0.615780550279923 -0.306573786228426
-0.351283503230661 -1.56584356926889 0.550055014523979
-0.387524376157671 -0.739090370151564 0.286415534617127
-0.63143592979759 2.63249367364254 -1.66225109050275
0.359954799059778 2.33520864414085 0.840569558264378
