0.7933944 0.2705356 2.651033
-0.4689827 -0.9170883 2.95232
-0.2557522 0.3789414 0.5249835
0.1457067 0.4426272 1.78376
0.8164156 1.204233 8.016748
-0.5966361 0.1820491 0.1868352
0.7967794 0.6140785 4.704298
0.8893505 1.297629 8.959724
0.3215956 0.2912782 2.026899
0.2582281 0.007538929 0.9681648
-0.8764275 -0.4133961 2.340896
-0.5880509 -0.569582 2.301671
-0.6468865 -1.179987 4.757435
0.3740457 0.2548175 1.775536
-0.2317926 0.5158192 0.3862226
0.5396828 1.125762 5.486323
-0.004601516 -0.7334551 0.6028335
0.435237 0.4827651 2.51123
0.9838122 1.407645 10.62164
-0.2399296 -1.052112 1.860894
0.5548904 1.259172 6.152289
0.8694105 0.5985303 4.856672
-0.575715 -0.4363826 1.94832
0.3033475 0.2063612 1.640669
-0.7488898 0.03918928 0.550605
-0.4655587 -1.203332 3.376233
-0.2277718 -0.3000759 1.030451
-0.9732193 -1.510724 8.709781
-0.2352241 -0.03195272 0.8209438
0.7393817 1.854013 10.52319
-0.319302 -1.076551 2.221742
-0.03583977 -0.06669348 1.031873
0.1991317 0.1254963 1.371675
-0.01291739 0.7578791 1.28671
-0.6275648 -1.118493 4.493939
0.6547466 0.9030357 5.275375
0.3369335 1.185407 4.128407
0.5884797 0.4581116 3.250976
-0.7841127 -1.137077 5.434851
0.4474219 0.3668326 2.477092
-0.1774511 0.07320977 1.016552
0.6418926 0.1351228 1.9333
0.2941204 1.101497 3.706586
0.5658655 0.5686865 3.433965
0.1060726 -1.346377 -0.4305885
0.05943916 -0.4941432 0.5754992
0.5787125 1.352496 6.789444
-0.9533376 -1.441753 8.044556
-0.04553987 -0.09629159 0.958405
0.4646275 0.4859526 2.829654
0.3854631 -0.4128959 -0.1721105
-0.04476076 0.2007229 0.924792
0.722419 0.9332206 6.069263
-0.1238058 0.8131462 0.8112899
-0.5104054 0.006851716 0.7312077
-0.8586419 -0.8177368 4.358817
-0.8010677 -0.8423296 4.210654
-0.3674566 -0.06441987 0.969973
0.03726853 -0.4064415 0.8025986
0.3240102 0.3767208 1.984613
-0.1863396 -0.009902389 0.8987917
0.8257518 1.100949 7.292387
-0.4127933 -0.9799587 2.687843
-0.08186855 0.6493072 1.01565
-0.3352107 0.0158477 0.6637556
0.3017409 1.555297 4.84625
-0.4839664 -1.42898 4.310852
-0.0429095 -0.3378159 0.8955845
0.5326213 -0.3246298 0.09342967
-0.8315062 -1.042005 5.396049
0.7506427 0.9057133 5.84902
-0.3218541 0.5294312 -0.0123092
0.6788807 0.4571883 3.315077
-0.306633 -0.9059316 1.962931
-0.3324501 -0.4861406 1.489268
-0.04729751 0.2632296 1.070457
0.7843967 0.8753478 5.85524
0.7286789 1.387879 8.098753
-0.2200209 -0.3694756 1.208453
0.5546414 -0.2694695 0.1169671
0.921236 1.396985 10.02274
-0.130681 -0.6872425 1.260678
0.4250294 0.7335126 3.26936
-0.2000113 0.0567356 0.8118687
-0.3492957 -0.1645661 1.050641
0.5141743 1.376121 6.207454
-0.5946155 -0.6976878 2.725686
0.4222424 -0.2348551 0.4610792
-0.7566162 -0.7248791 3.628297
-0.509023 -0.6250117 2.440972
-0.7133912 -0.3958611 2.162725
-0.5207412 0.296581 -0.00504654
-0.8821312 -1.786295 9.055544
0.2845765 0.1776335 1.490086
0.7525384 0.7877215 5.443049
0.5578294 0.8326832 4.488732
0.5946177 0.2462059 2.230555
-0.08945109 0.1058319 1.114824
-0.1798318 0.01087379 0.8453033
0.6217405 0.6155541 4.02793
0.2098666 0.1476491 1.422798
0.3094479 1.04282 3.650254
-0.2936055 0.04335888 0.7674202
-0.4594797 0.5187329 -0.3118179
0.9853681 0.8508476 6.78431
0.2669865 -0.3552892 0.2878476
-0.5735837 -0.7714352 2.957986
-0.7412553 -0.692557 3.378869
-0.04376393 -0.1629574 0.9496345
0.8481489 0.642235 4.984712
0.1975219 -0.5910871 0.07338194
0.9523414 0.5537033 4.963858
0.463585 -0.08453337 0.8881366
-0.2865462 -0.1323918 0.7991119
-0.1370526 0.03534494 0.9204669
-0.7035769 0.06624717 0.4879696
-0.9738448 -1.138602 6.694729
0.4311321 0.9053268 3.98095
-0.7936315 -1.033259 5.000616
-0.1074313 -0.8648747 1.222522
0.2802021 0.4974704 2.160829
0.9836772 0.7239089 6.113254
-0.008812844 -0.4260924 0.8535991
-0.03130095 -0.4096248 0.7919488
-0.6531153 -0.1083636 0.9975084
0.5096419 1.295858 5.922017
-0.09220902 0.4114732 0.8596421
0.02233957 -0.1142394 0.9843262
-0.5849098 -1.23975 4.318727
-0.5426837 -0.4313968 1.715814
0.191424 0.7481406 2.391027
0.1497444 0.5684416 1.856533
-0.8458712 -0.6886129 3.684129
-0.9289188 -0.8178098 4.632534
0.285591 -0.1362167 0.9405024
0.8572304 1.079133 7.410033
0.1961848 0.2240834 1.569888
0.1218015 0.1557877 1.148745
0.05205545 -0.04892542 0.9724998
0.9701904 0.3911828 3.936347
0.01528364 -0.281088 0.8986934
0.3655762 0.7486088 3.021489
0.2030824 0.2225465 1.458347
-0.5222626 -0.5149392 2.081145
-0.4836681 -0.5768266 2.199477
0.4586192 1.158915 5.110005
-0.09485834 -0.08561555 0.8602764
-0.6497465 -0.5251485 2.492523
0.4933965 0.5680069 3.257
-0.7900247 -1.271641 6.115308
0.7290899 0.6958565 4.747663
0.2292899 0.872751 2.866398
0.1143191 0.3433817 1.473062
-0.3424454 -1.06846 2.460381
-0.09373711 -0.05506597 1.007802
0.0008819452 0.2808296 1.170673
-0.6382673 -0.6757406 2.969269
0.05926121 0.4506101 1.515638
-0.8494485 -0.9357828 4.848184
-0.4444881 -0.970135 2.856235
-0.574601 -0.2098753 1.310962
-0.430419 -0.2990864 1.514889
0.7901882 1.062017 7.156291
-0.1075294 0.4130008 0.9827229
0.5599698 0.6587229 3.926376
0.7612381 -0.05355107 1.28614
-0.1737516 -0.1132315 0.9173883
-0.872383 -1.691094 8.422924
-0.329025 -0.5945466 1.600902
0.4474519 0.9242918 4.192769
-0.3247693 -1.185095 2.556697
0.2608282 0.3139886 1.507198
0.6812291 0.3768949 3.188101
0.7122633 0.5616648 4.015308
-0.2172814 0.2708198 0.6680372
-0.2390122 -0.01100789 0.9314325
0.7908909 1.438095 8.807806
0.2886315 -0.2779696 0.4532771
0.4821573 0.04742712 1.505385
0.2106069 -0.1668783 1.008266
0.8061632 0.7413455 5.42838
-0.4125397 -0.9134404 2.671817
-0.6174798 -1.027414 3.81317
0.7729019 0.2856257 2.959089
0.006678971 0.3088337 1.282456
0.7541151 1.028509 6.509537
-0.6216128 -0.1633964 1.235735
0.5162061 1.846989 7.994541
0.4489978 0.3588693 2.585993
0.8874496 1.229957 8.496879
0.09529317 1.7285 3.003133
0.4234877 0.703788 3.489627
-0.2221898 -0.2566984 1.194252
-0.7982537 -1.284475 6.140021
0.8546042 0.5813109 4.683528
-0.433535 -1.277881 3.484818
0.1811463 -0.60504 0.2173062
-0.7792788 -0.9817724 4.602117
0.6810141 0.8406573 5.073599
-0.3640726 -0.3438588 1.326027
0.5657027 0.3706979 2.584026
-0.4649836 -1.374595 3.74826
-0.5627094 -0.2331191 1.527079
0.03359367 0.2634045 1.109624
-0.4620988 0.3462144 -0.06830269
-0.6376633 -1.565759 5.775377
0.03715227 -0.1062597 0.9930369
0.1255659 1.000727 2.369888
-0.7416863 -0.6834795 3.447806
-0.4872648 0.2048618 0.2136632
0.4358706 0.722981 3.594289
0.9228199 0.9910653 7.458093
-0.7997183 -0.3426103 1.942822
0.5264454 -0.3739678 0.01013804
0.8959327 0.7259924 5.864949
0.6372694 0.9404017 5.464784
-0.3834153 0.2871498 0.2482277
0.2991589 0.6828026 2.58211
0.9067109 1.003574 7.418594
0.9074653 1.477749 10.10407
-0.3200416 -0.3131092 1.103272
-0.4750518 -1.027705 3.248303
-0.6690921 -0.6816735 3.031329
-0.3556639 -0.4375006 1.497148
0.02025041 0.2052803 1.073376
0.8479369 0.6575247 5.229528
0.0219194 0.3483956 1.07248
-0.3885853 0.6420856 -0.4147296
-0.9070782 -1.805401 9.526217
-0.1642875 0.1277511 0.8848369
0.708003 0.3466264 2.938236
-0.3055386 -0.620121 1.667795
-0.7371154 -1.645218 7.065867
-0.2510263 -0.3806708 1.425817
0.2628405 0.4301566 2.035131
-0.2198421 -0.9334259 1.589121
0.3792557 1.34857 5.051287
0.3788268 -0.0009382817 1.059575
0.1098012 -1.029587 -0.08438583
-0.1407512 -0.1977766 1.120845
-0.09455987 1.081368 0.7633092
-0.3871135 0.4110469 0.08965684
0.1567079 0.7954306 2.319058
0.8207406 1.215226 8.114039
-0.7147918 -0.4840591 2.628981
-0.1699047 -0.3889393 1.308879
-0.5781485 -1.332052 4.685661
-0.1424993 -1.253972 1.289186
-0.73462 -1.323956 5.730654
-0.07980711 -0.9711872 1.009059
0.8859141 0.3919545 3.565071
0.5239477 0.8881921 4.548291
0.8658197 0.4234772 3.729086
-0.058643 -0.8278637 0.755517
0.2071761 -0.2789373 0.651575
-0.03002064 -0.8890887 0.6416286
-0.7823874 -0.3805086 2.121939
-0.5045463 -1.25544 3.8542
-0.002970939 -0.07572047 1.103648
-0.2542666 0.03546272 0.6993459
0.8693827 1.470146 9.849365
0.04797216 0.9949275 1.761141
-0.3657107 -1.245824 3.224073
-0.4440679 0.01820546 0.7227793
0.575081 0.2968099 2.642027
0.404925 0.314633 2.21057
-0.6699447 0.05377542 0.3191117
-0.8710849 -1.174651 6.168001
0.5094112 0.8490925 4.344097
0.2408201 0.1940412 1.500347
-0.6608465 -0.9058896 3.613377
-0.8755719 -0.1702422 1.595985
-0.7819415 -0.8942284 4.338547
-0.2365673 -0.342815 1.056777
-0.6613782 -0.3131889 1.88037
-0.4026949 0.05489634 0.668754
-0.6155809 -1.077268 4.157006
-0.48566 0.08777667 0.4674083
-0.6375364 -0.9554689 3.679286
-0.04537258 -0.4885942 0.8492769
0.5414741 -0.6250943 -0.9975461
-0.9444258 -1.017171 5.781355
0.05462155 0.2131036 1.206461
0.7606381 0.4069031 3.463022
-0.2538733 0.3672045 0.5371884
-0.9040817 -0.5940056 3.446982
-0.7227435 -0.672792 3.189451
-0.3570158 0.546836 -0.1498215
-0.6903368 -1.441552 5.766807
-0.7355437 -0.5927234 2.807541
-0.5573881 -0.1345347 1.025336
-0.5472384 -1.04491 3.560566
-0.7371669 -0.865594 3.988045
0.9631269 0.9351989 7.231879
-0.3459725 -0.5684752 1.633796
0.01387899 0.04872655 1.185188
0.362885 0.2855492 1.98313
-0.8016618 -1.217294 5.871779
-0.7621949 -0.3814227 2.170047
-0.8991207 -1.187374 6.27054
0.8585078 0.5453237 4.451716
0.3474245 0.5880921 2.656565
-0.8102843 0.03735125 0.4407351
-0.01480776 -0.8954209 0.6209681
-0.07689632 0.02211019 1.143043
-0.2495669 -0.05089239 0.8919531
0.9821984 0.9968112 7.789007
-0.6472986 0.6328381 -1.628955
0.6268704 1.255434 6.563001
-0.8631067 -1.130376 6.116645
-0.1991005 -0.5117142 1.286208
-0.7177113 -0.260787 1.724644
-0.6133803 -0.1097805 1.063228
0.6827034 1.042349 6.150021
0.439828 0.1374721 1.634858
-0.4655758 -0.1960486 1.272551
-0.00999671 -0.04841215 1.118133
-0.8337722 0.09118758 0.2626654
-0.2922315 -0.7196853 1.733726
0.9384176 0.9547363 7.332844
0.2494284 -0.2631014 0.4544917
0.3292365 -0.161888 0.8777327
-0.3750207 -0.3729697 1.646615
-0.1886208 -0.3053344 0.947473
0.9921547 0.7427106 6.286927
0.7101647 1.485021 8.337232
0.9070968 0.9508453 6.984275
0.6246102 1.283961 6.873011
0.5643642 0.07375217 1.68547
-0.4642437 -0.587055 2.312566
0.5243031 -0.1776639 0.6644386
0.9726232 1.69307 12.03088
-0.4127889 -0.9034689 2.628439
-0.2012978 0.5358247 0.4507126
0.624263 0.1286644 1.83848
-0.8456967 -0.8929453 4.68584
-0.2726064 -1.710177 2.812875
-0.1148151 -0.2382481 1.06701
-0.6865717 -0.6791995 3.049492
0.1644105 -0.7951333 -0.1674777
0.9403244 0.7964175 6.380097
0.9789997 0.8056809 6.712679
-0.6470959 -1.56689 5.937354
0.08426085 0.5335553 1.51176
-0.2313922 -0.8378197 1.52757
0.3523281 0.242846 1.735873
-0.4614124 -0.1792784 1.147627
-0.06149812 -0.3242153 0.8101948
-0.6563998 -0.2842127 1.718159
-0.2616211 -0.1971302 0.8744111
0.4508105 1.194948 5.039632
-0.02770179 -0.3590428 0.7218151
-0.8723951 -1.452723 7.563144
0.5690925 0.7484796 4.163393
-0.1633567 -0.2607799 1.156386
0.9620362 0.8143952 6.547117
-0.4342321 -0.1859119 1.153027
0.6957643 0.9382207 5.631609
-0.8355215 -0.8261293 4.002431
0.7729175 1.090305 7.152519
-0.05613854 0.3210835 0.8832001
-0.7817981 -0.3650036 2.395267
-0.333444 0.1494366 0.6415832
0.6748331 1.321773 7.293607
-0.4463003 -0.5145758 1.967384
0.1740703 -0.04599906 1.104065
0.6734645 0.05982258 1.585598
-0.857692 -0.9765185 5.121837
0.4055575 -0.05787159 1.217362
0.3976491 0.6032668 2.79925
-0.07207524 -0.1715075 0.947469
-0.1261378 -0.4048626 1.120326
0.1243536 -0.364225 0.4669059
0.8569665 0.8873341 6.255651
-0.5390672 -0.8376819 3.156466
-0.5563725 -1.185847 4.012749
-0.1595682 -0.8645918 1.211943
-0.3329584 0.2176937 0.5038529
0.7296151 0.3909941 3.216521
-0.6456109 -1.026698 4.085042
-0.01336254 -0.1592368 0.7844798
-0.1405733 -0.4281675 0.9859671
0.1285277 -0.09344325 1.030245
0.3123246 0.1560394 1.576538
0.9571081 0.6556059 5.507489
-0.5356777 -1.082645 3.912082
-0.5183768 -0.1610237 1.309216
0.5936722 0.539266 3.413454
0.6633434 -0.05855554 1.059563
-0.7729846 -0.369923 1.820576
0.926624 0.05670649 1.902645
-0.7053542 -0.9060144 4.084615
-0.7127461 -0.8565374 3.82855
0.8504599 0.3812562 3.541918
0.01407121 0.1579048 1.107953
-0.690298 -1.442999 6.011696
-0.3033959 0.4562526 0.1488855
0.3196421 0.5033467 2.483474
-0.3764553 0.473476 0.05460621
-0.2968532 0.02524531 0.7489059
