-0.398129098801475 -0.290483435701222
0.160901146009715 0.687537562966215
-0.504688190028423 -0.580805625904653
1.46344316702503 2.06338933835247
0.519596359314447 0.605600680083697
-1.33722995769496 0.280500652512455
0.235772996995005 1.18905860505198
0.412613953014787 1.48825867957353
0.424744074200813 1.16772422908442
-0.821667646303435 0.742233921675797
1.63523906342436 1.73316402620886
0.51582264901685 0.723852885466115
-1.04228797543084 0.363566849768412
-1.89528053899701 -1.80681704732229
1.13278272276716 1.50162362423884
0.0815890096072567 0.33315546160498
0.0858311977694003 0.383449937844572
0.983665025438287 1.30713827290657
0.622802759806225 1.43535490378305
0.61950108638399 1.00734744187438
1.03181628167502 1.21182068578714
0.31729347794506 1.66670581266009
0.138594521335961 0.50288258733998
-1.83048396744469 -1.4440454881834
0.619701428998916 1.05633524045984
-0.278613271926126 0.672116476462545
-0.124537487947435 0.328936297702109
-1.3833772522043 -0.907179192142138
-0.238053000864611 -0.16917294162235
0.499037441500756 0.793950913944506
1.26993219625717 1.80798099961956
0.0887117876346569 0.216262212015603
0.199703729372047 1.03585143665735
0.429114425064691 -0.0312023117685556
-1.40333550945659 -0.709451294511693
0.0921696843100827 -0.379566506278428
-0.278879285460177 0.0307666981119396
0.110787145203687 0.276673597175221
1.24978617355891 1.33736522210692
0.74200442699111 1.20601974508664
0.449292816635083 -0.261454392437051
-0.612428306603843 0.631708317980801
1.18770802758232 0.634686999616451
0.674678262559574 0.881515895882573
-0.300526101985337 -0.506295945727285
-0.433759023431192 -0.408618654291987
-0.314147195779437 1.50589283227883
0.723593371535616 1.23459532744377
0.300182968099359 -0.0133449182316814
1.35469720693442 0.817087160806327
0.235314738234886 1.02003806088498
-0.574750082806106 -0.0864883516800986
0.424196605413104 0.72303250236789
-0.77751779097657 -0.865298022396361
1.82986190242905 1.38910940059954
2.21877796517073 2.03876664917615
-0.664613755960169 0.467859993141715
-0.794091301906443 -0.687014859898971
0.97827770428831 0.602689285964047
-0.719245644591799 0.962997550538667
2.14394611502296 2.91280320036176
0.038240504379709 0.387306825203463
0.319622483305116 1.48906594302501
-0.253746274446442 0.806876635135595
-0.509309033391556 -0.400952724918741
-0.518526752616065 1.37673495531568
-1.63168747688568 -1.29298073291648
1.84081218048118 1.43988265860171
0.191052045871817 0.599725718792411
1.99549101944391 2.62674979020049
-0.278738905018682 1.68095480128064
-0.706971967964418 -0.140056675087778
0.434870179922951 1.22390160254577
-0.861764921500005 -0.41056072227888
-1.0836807284558 -0.794921408914425
0.287471510270626 0.765508841559601
-0.669617109198662 0.328529916630956
-0.655201464392311 1.1572987216551
-0.254363643155214 0.8954163883105
-0.941242849874363 0.322705498875244
-0.150107874104954 -0.428865183791972
-0.439376792533421 0.682893403690265
1.04808512794619 1.68717778665279
-0.981397178143995 -1.40936757591996
0.398704970192273 1.22822868609545
0.366067070244215 0.765661842255752
0.54540188598349 1.97168823358512
-0.0463178085666388 -0.0308306072080291
0.48707556679112 0.714985763073101
0.546253699177748 0.460530624292461
-0.458674502181817 -0.0706848823374352
1.01875672684974 1.77301130072857
1.33225367059644 1.36945549045141
0.401693942490706 1.42686804623304
1.88743171578716 1.62337307443424
0.861228513804395 0.698424974439076
-1.66681578869887 -0.255347624472243
-0.222608149269387 -0.3650864984037
-1.29204737726763 -0.531491691404439
-0.328600448751766 -0.0696141054011503
