43072
52586
154307
27778
78126
28702
10288
57559
22323
72860
6002
21333
11083
25408
40295
102272
27124
162164
29237
15834
306817
52520
18111
70843
91992
32465
23952
94179
51220
52423
19513
153633
77677
34709
67405
43558
33825
23890
115325
202926
49624
7623
245462
43445
125789
80712
27677
7224
90989
25558
258403
38337
66877
24148
4399
37404
101387
23339
30348
52852
8736
65134
51024
71767
51426
13357
59081
25687
22588
16215
126920
18521
7259
19097
63271
125429
349796
25516
23267
36163
38853
38043
739174
22989
37777
38911
38495
7132
15800
27038
196127
34200
37798
26273
14912
18510
111975
21596
96446
42401
13048
24349
64164
82375
20236
13178
75317
14432
83411
81168
94903
28832
21040
15618
14236
354429
197370
36297
24667
10468
150569
137242
22944
96822
77232
41248
2079
23491
38270
54061
52715
30965
55213
79916
1108
159813
26854
31378
253151
7457
30482
157306
22740
26525
6225
16182
24677
13084
25105
10037
27135
91548
162240
309918
41810
3155
206537
29534
64485
45297
320592
8186
9561
52894
7284
17080
4989
61385
21012
357289
68779
136080
46128
144414
58897
40587
141735
59133
48939
57240
16919
171007
25167
63867
40412
13608
21380
197802
4160
43477
55552
76460
6407
12547
106973
351175
19001
5031
85410
35305
20432
51637
44824
29305
31367
683923
40312
57851
38557
25584
123248
27445
19110
180957
54046
81185
22477
36303
16237
19925
81010
158130
49135
53603
38167
240577
63005
14338
7223
82715
45298
244210
50248
28564
39745
32796
37080
104466
2284
119530
17986
108163
50370
18963
77015
27816
8237
36455
34208
11174
7681
9997
29451
117354
3014
49571
15989
910926
10272
223173
114667
38788
18002
305483
7798
28675
22433
106993
9701
56559
14469
141031
25124
31220
34125
10822
66129
17120
58339
100654
21264
9069
34192
15991
49252
37494
24451
22165
51323
13491
25888
52772
16267
20605
39226
19744
61509
55983
51367
58997
66551
9442
250873
509923
24482
38546
284633
139545
21044
53848
45987
27713
12626
33250
60082
59151
9855
37814
21547
51688
56829
23636
82489
73812
22679
53778
10530
24783
138308
149617
7733
5283
106051
20794
6631
10747
33744
131401
88797
70632
27537
15885
40133
83149
39769
7081
45235
64001
77173
144925
29448
44967
56828
24453
21218
16635
42175
97790
47277
45346
211764
149969
145290
139978
24024
80867
14381
67258
252396
164534
319934
34155
23560
58167
28827
71391
43859
39545
69615
37341
47937
106585
32319
65775
33487
6053
12752
35617
81223
13492
47366
23039
35873
112595
36804
46627
126553
9042
14393
25842
5459
39872
18776
29295
26598
9265
16166
69374
33720
26270
17418
44881
100860
145674
29318
29694
1475
7363
9735
232319
91189
56296
60003
26529
29633
93834
1244828
32622
16818
53299
24237
28972
25004
43832
63207
15092
37630
57720
124211
18701
109075
28004
110720
230435
5357
92474
27816
37078
125960
14739
107419
26948
17967
131956
51460
61051
14420
45010
16631
57230
14872
126755
54201
2547
13267
101585
47301
48485
34773
77708
36252
18803
91051
35139
135691
45200
47739
76205
12344
59018
46964
24155
35707
59348
44215
83531
111368
109495
31499
69170
7493
15747
27021
91588
12730
125273
5064
32396
30093
34714
33253
338675
68097
3323
51225
29446
34153
64745
20080
62863
56987
38431
36460
407730
130516
71250
5311
36269
117477
28724
159856
145297
56780
16853
7878
139122
70350
87000
24656
33016
25939
9817
52245
11385
39787
7095
315272
47077
12509
30369
98311
33821
13320
9553
15412
15945
51637
53796
115891
160771
31247
31273
68357
64796
80813
124477
43822
9452
19886
25482
4398
28786
23646
13587
455946
38817
6973
32083
17957
20947
107196
52370
80600
11907
40269
233222
19487
106194
19364
213593
121655
167290
13140
5332
17836
58811
30159
45424
7898
56691
12374
12982
148698
70046
21120
33045
103949
335917
24474
23779
22226
17860
53684
27002
29221
30662
15795
63903
59138
18163
91239
35438
32778
82625
277976
92526
3528
26479
16613
167640
41996
114888
12274
15548
13161
20975
31365
28558
54255
26410
53122
181777
41398
34373
57911
38046
33645
8301
95093
229815
80516
13563
151896
23905
70976
26199
2895
13476
40133
42293
37180
12632
117437
17568
7612
17119
11632
104064
76901
41364
93852
28899
42748
99149
120878
70791
105150
50316
16552
25595
26820
872986
14114
21184
14342
65149
12328
14117
36673
45483
34492
205815
47254
6951
33063
16679
17794
22923
22067
130060
17525
3091
30745
26245
94636
118042
49479
40000
173597
6528
33349
12684
10517
98847
305796
14279
57608
18107
242376
126965
339585
71520
57315
24379
32378
7848
756611
57473
12166
55692
21616
31968
50436
36059
11872
41451
286363
26339
53083
78161
9814
9916
2037
98430
49330
70879
48217
2001722
52592
19083
18572
26909
28994
22550
92275
111890
27023
123920
62106
79184
201301
39791
189787
169273
74850
2156
77913
27309
20479
40026
34069
32806
42296
25193
51567
15239
48059
779627
40533
41145
21039
6977
59674
26428
14862
7915
10846
157934
81279
118809
19314
37030
98519
364770
26905
15816
268747
8384
26259
23624
73303
8572
36985
3514
118308
337303
33991
28887
12551
81409
51634
30484
45019
21885
189449
50902
58176
38153
62718
29057
26181
1263
75204
69655
20978
128037
61862
56600
91775
84450
108211
15771
50250
22297
59286
86896
51366
92834
64362
89042
48947
10478
10936
61299
69549
62372
118403
66021
76848
24627
78463
844737
20286
12141
130940
80457
13240
90078
16138
16183
22417
48919
48441
13966
49249
46500
34249
79205
69579
36797
90383
43134
137881
71684
32204
12429
1271
18568
17446
53813
2633
85547
118944
47327
33102
70342
91963
3089
137666
271697
63317
63947
17693
41858
74590
31192
20060
305981
41020
30890
51263
35343
32144
58071
16878
49987
22523
51505
270573
72210
63913
20540
122021
21151
878511
194294
33959
22764
81385
35924
4977
162220
36304
87117
348947
147604
12256
166974
12290
60613
29888
23625
10557
41468
85174
132731
44189
95994
18934
109457
68904
73021
8932
412079
98803
46798
23672
24813
42371
56582
21092
39580
84376
81612
19014
26881
16384
65141
395638
40488
74009
29657
39708
27265
8161
47130
26261
7538
105121
15552
40411
7168
7819
22073
44087
38126
55912
19830
16780
88390
9325
46511
112634
17330
12588
52559
56653
24456
74969
293361
67664
48853
41713
59432
12695
38288
1113306
56918
56255
4802
78930
1309
18917
61064
55976
159079
169394
86137
50966
70544
36175
26500
140188
37917
16369
137752
62325
38050
33571
14091
34854
15852
4630
72281
72163
82300
71862
83208
165906
19725
23129
98935
54156
5332
76108
51696
370592
50810
27675
12287
30178
48526
61290
35957
132809
81304
171895
28209
11712
122708
162072
59554
42397
8227
14408
20839
34787
75463
19506
102204
38748
54937
422240
3905
24392
5776
63615
12327
107570
109832
161700
122926
142559
50963
186264
32599
19179
49714
29676
93618
4022
17082
59162
5004
58759
78501
4529
262845
14877
61488
220600
17120
140206
10803
256323
91624
375369
279737
2734
30080
39213
34013
8870
2084
23388
60230
11973
18886
24241
28762
140314
26156
31639
105922
87741
36254
27631
10287
36059
367031
69374
39709
23347
97796
18579
104560
27701
11367
17574
60811
20777
55010
52133
40200
55731
93819
17818
23599
41713
7395
30202
55369
19569
377980
19920
105786
213293
149315
102667
36998
25519
35703
8042
50720
57608
467078
21840
223042
21468
9661
59280
17500
25575
37115
50260
29681
29630
60509
52159
22614
49441
24425
32390
128549
23179
8088
2460
109226
420944
30318
285819
54285
203920
57118
108040
98707
49342
133542
381220
46209
8244
65223
97548
15163
23221
83133
9851
94124
56784
25528
92638
80414
26585
41490
33273
4353
21653
64777
78300
173435
23245
111302
112972
9306
40506
9290
90644
24959
16484
11232
31343
25930
19825
7880
36051
70965
13233
22576
6421
19537
1595861
45798
38505
63176
29814
1085323
75725
68472
83679
60243
25308
7215
28670
57747
62696
27602
20600
27913
29932
122573
77838
21822
152001
35645
38819
48591
18374
329577
14839
56985
11214
3153
132869
48795
22549
2345
76675
34678
53835
15315
29005
66804
58691
96769
14633
42748
64059
13912
51109
11958
174066
252135
137079
39470
55204
43732
35179
63738
67516
6101
31976
7639
359641
25833
131572
9886
291321
20112
19842
26736
50094
18068
47489
14859
86201
48162
97165
25095
31734
23482
21830
280590
15117
200564
144779
15046
111007
234460
13772
142389
71067
151061
127305
217795
15758
16020
29353
170494
21389
171531
83486
39452
98829
19107
210056
42573
4868
29063
169874
30967
128814
21176
81312
4499
211427
9823
13049
79679
128909
15785
19841
6477
27092
80602
18457
53594
157167
31815
3568
31959
9185
3268
39052
156711
129116
4264
45371
31165
28232
34434
16753
15581
242164
16807
7503
125047
249061
25001
262977
10770
13848
26706
32012
45004
40335
28702
82277
106432
60630
78874
57269
57474
152010
169755
30559
83259
14181
16560
226214
50015
234922
23554
31167
14981
118354
17038
286928
2904
18259
74239
30781
47914
100226
13245
31647
36112
25046
79514
141933
58325
111944
79740
36877
38778
466579
18340
49967
172758
155721
32461
65134
74532
15425
96039
27141
27934
29016
22308
20419
66506
673592
64402
111782
206681
27979
64941
15655
46515
26754
25927
28692
175718
66739
476670
17951
74458
69879
60410
59234
32954
55117
206796
23021
15621
19063
15856
27556
16216
2892939
43025
10739
95660
11141
5980
103294
56440
31983
58559
83804
96491
24089
140162
12951
53915
62018
7278
50544
36406
1077
41419
421120
43565
35431
7042
59396
5101
120376
20778
86190
61482
7450
22214
80706
13338
16997
46060
59241
107304
18988
17433
31149
42414
19487
46909
129908
8184
28999
35082
14828
36910
58694
12624
53013
16080
69352
23153
145552
18622
42561
24517
93896
24198
66243
14279
43260
40664
12116
61013
63363
310234
100444
25181
28778
62291
37256
28913
50561
7875
43973
6104
9172
17276
147012
11595
60652
72031
146028
12877
41114
117920
16481
13741
7067
171714
19907
24846
27926
44273
8581
17676
8802
22150
4729
33858
10272
57858
6605
64485
17241
120298
40376
53215
37750
30984
16178
20108
29638
13151
25380
23223
56701
36739
50352
79327
75460
153664
64631
25864
61491
23499
30219
70949
107652
121477
10935
55202
86475
123461
31504
26207
21309
192952
88543
35309
27105
20075
18319
83224
226052
17568
23023
13271
12043
10129
9944
72700
158684
27846
7784
4665
90320
51317
115485
31925
39255
631
67274
68745
89233
35965
86458
108015
30856
10201
95994
31814
25941
66944
7623
89684
34060
34943
103693
48525
8973
22444
47803
43597
60544
9868
77184
55154
72335
74215
129890
38554
55181
25548
20423
34242
6374
10340
22418
32876
59611
78148
49066
29749
33559
28128
28401
99864
10829
10978
27610
79882
52949
68065
15052
140507
37607
10577
36310
54385
14811
249298
27676
32971
7403
113946
6740
88570
16555
16446
21359
24248
49158
75248
45490
30585
41856
88358
49517
16480
7283
42609
23330
149886
34035
223180
25787
25930
28544
35319
167471
142039
5504
21697
27035
6527
45378
4469
12551
24026
35090
26048
63747
53278
23636
160430
15932
64197
19242
227271
10215
47982
25805
26932
94867
26874
55368
36291
37605
67260
52364
282451
10898
25388
19599
11313
5737
280349
27373
39921
10804
21803
41249
20892
25014
2596
164030
73614
3034
449617
51725
21641
31341
9328
88054
11933
39905
18881
28205
70364
57056
14881
137090
89282
5348
186986
31154
74558
11317
75440
55464
29183
118850
18378
13797
33304
3186
66991
48755
24112
22818
34428
51324
67336
87535
14887
49402
5056
14599
89268
11209
53803
91566
31357
104944
142088
96802
24376
83437
3773
76022
34787
43658
20947
31391
54368
50504
38025
36595
12088
20583
37319
49986
5418
46236
18298
31662
64257
9224
8998
122888
25283
2015
533230
84856
2279
22275
177621
98949
43147
29289
31654
11843
56364
114632
11866
34497
20929
116158
37020
95383
1285
93928
96681
23222
35869
42671
126981
26222
446682
39511
77302
11346
76332
47931
4205
41800
266902
32012
29745
51167
57886
63159
26383
13395
54635
39953
39478
75694
91525
69109
70638
203202
333761
39218
120586
190937
8376
72612
32889
60790
32976
133944
4936
8589
16273
47491
33147
36731
26886
4849
21904
16399
101438
3905
88355
58806
44470
135000
21905
46092
20500
27600
28544
150046
41662
127906
21080
19397
37538
144718
33216
261901
81249
17676
111611
21225
31512
118604
20168
4839
115344
40989
34849
24648
8059
10727
9681
14808
350364
15778
121750
5648
62598
24882
15903
57849
158142
22049
25439
34335
43898
95061
100193
133271
256029
33361
15807
67794
195617
2384
28943
21829
28711
58398
41148
10257
192997
51002
50856
81416
704
126089
46495
20279
26852
8273
32181
22633
126718
14391
87521
12997
66309
70806
43231
26767
32288
36167
47754
139853
14128
141992
1405
37136
8531
41486
41482
34557
70272
401446
2371415
7664
33543
200373
59306
110000
18950
47591
47212
18595
46130
26210
10155
32846
13221
12676
87090
47812
55331
9169
47723
50360
3339
26379
2030
24150
10932
2542
15392
11756
90799
38506
34303
13861
25954
30783
41182
42070
22963
24314
38053
505757
70042
19957
18703
49163
56037
9110
14306
18985
69949
45295
12467
65727
50518
33136
50403
151970
217054
92800
32730
27122
21953
57244
55287
124050
48524
29575
31414
17791
30501
155076
37269
106861
299468
57686
17218
41786
25951
4390
70675
29433
12569
75862
77091
8974
146329
104179
48344
63580
42319
39001
3811
13792
426200
31505
13065
30482
57059
8542
15460
31998
6915
26345
31640
44929
56629
32216
21462
7873
33940
11107
13096
48161
36233
135388
14480
225666
11703
124012
60932
26820
75319
21285
20248
11903
224932
15314
16861
93393
25951
61963
834
65978
36795
18547
13391
6325
10079
24914
9598
268670
66747
97995
30470
89905
16493
86188
370614
28973
114369
56715
46191
12514
37832
23473
46640
139873
47957
34001
22151
24347
43155
127980
30225
294007
21135
11922
162080
43310
113451
161836
83999
48792
81971
2829
9180
587563
55606
12403
18226
52101
26053
25243
13679
41220
22057
30721
179151
18364
47712
27646
49158
120080
23634
21938
189797
31037
47135
47491
36289
55995
121554
26162
127874
25282
173803
29502
47380
15539
187668
42412
13542
80092
87088
214657
5232
19546
40587
11814
6071
33324
32810
159354
81599
347001
35069
17837
35140
31995
76192
99752
40127
38473
459901
80141
89622
31175
35840
30844
28721
13651
10644
32561
36213
89548
57839
16788
83928
57811
94943
36267
90267
15134
129704
19359
93501
31729
38715
4716
105226
59569
2349
56547
54028
15110
10997
22880
33603
39804
14579
22914
58301
75056
38369
30375
24052
1334
12311
22416
60727
17396
30235
54197
47214
17050
84517
35303
21715
68962
79674
57505
32776
11970
11820
5064
19759
80829
9723
45639
21611
72362
187158
40392
52035
60254
14467
41627
226868
55505
59549
266438
116276
35987
148425
37881
34083
41523
78737
46442
18943
42804
43120
166332
58930
102816
39062
51377
31357
14918
52792
32943
19389
45227
50310
26231
111409
141976
27146
23096
24816
35582
52322
80237
103988
39603
23691
391760
122109
13479
29938
62428
14741
70777
34394
105625
33826
46767
59364
7987
60110
13945
30523
12269
12828
131315
41973
49589
82259
103562
16112
51913
137538
98962
88058
29699
28628
58866
46679
74329
5132
73002
24085
25987
17549
49081
5414
19182
77626
57694
35788
55624
69785
127781
237358
20054
23920
129434
62108
20944
46701
36685
2862
29506
40757
32268
2175
57240
26762
66682
71181
7903
177094
32176
29591
69785
3536
23838
35901
107145
42541
28101
51542
34116
12246
37130
130027
27086
131202
106402
5828
45658
23625
69167
24774
7953
59566
14895
33540
44843
5460
75125
5280
105677
11336
46892
29452
35824
666392
44578
11102
29480
25075
7413
24441
12615
486538
37704
65727
239114
10791
70604
36060
38192
5288
5717
122057
11619
8689
56737
16439
121783
194936
8330
126014
14652
3526
209933
161898
45474
20790
28870
19724
101010
53589
50227
317482
50392
67342
14129
26851
255778
18757
34034
33248
57655
9947
57682
62780
31582
40440
75510
56820
52980
73476
40868
81174
83009
31558
25893
271067
101734
29784
36232
48883
24032
12943
71324
17522
11915
18957
824330
107584
59081
44528
26261
24530
18702
159082
48443
6411
90814
92241
18168
14384
26804
15739
3793
24855
11458
5517
210433
18467
140780
10766
165450
34772
11054
18105
24516
4198
67590
15421
68854
8564
324322
10400
8761
19731
75747
19858
41351
9496
21321
8112106
204416
22135
19423
29069
21879
19556
23262
14731
72670
50070
161630
68772
272448
52903
47443
16622
32533
50199
83535
6375
108808
73529
9669
87630
83148
35765
52762
14188
17480
39645
26564
55313
46440
28348
19913
65218
67782
113603
147480
67503
17044
11884
185444
8644
119105
99792
78669
78292
39622
55315
10463
19722
8836
15546
21280
446508
10411
25829
261062
37659
128011
104289
42977
29286
5426
144649
20233
28956
17252
23945
19297
61412
11288
42065
30142
122293
1930
6841
93630
237355
15707
35641
20128
27992
52836
685441
85313
28382
20626
6582
22237
166121
33287
43002
55649
45331
18822
25177
31752
148373
24208
42931
2509
122594
10654
3798
61488
39679
8753
47487
161379
6606
1612254
16876
93181
557340
7992
84540
24415
92320
54527
81997
54682
45671
4376
34925
55722
23215
82754
61608
82285
33955
60302
43680
72145
126831
44099
48269
54884
127894
101491
26476
37684
84124
48464
8018
69746
17487
13038
35219
62506
65298
180109
102954
55085
20660
46039
609309
22603
7735
43551
14673
35846
1294325
148221
39257
28511
30382
7939
2203
19779
12104
38764
10886
55589
22122
30371
92786
62113
58393
50245
30305
144596
43878
18394
14831
39407
41079
54745
15797
33305
23761
35599
133632
15065
25770
129982
29403
67793
254691
10652
36989
27080
17352
554519
23035
12996
5969
88479
6868
29975
17665
50891
11361
22442
185411
13531
98673
206934
45510
4877
134396
7509
464082
14269
54272
21873
149454
37860
114172
58864
52250
17338
18058
129904
30555
42045
18196
77371
271039
23127
17794
82391
147470
10382
126009
63952
52507
8216
105648
2259
9751
178460
25306
31596
104069
15443
40652
18993
67589
29441
10384
30460
31774
13877
48058
28904
123501
127675
106474
123745
11867
64502
86816
153102
119008
89127
102222
55127
96016
208173
9704
134116
13037
17135
67607
14232
207266
92241
37357
176879
24822
364844
74213
9493
31128
43268
70328
6959
43810
101299
97840
44375
12018
56651
207039
426838
1807
3247
29235
26865
11733
6699
450978
17158
54035
82527
49419
6862
51159
18217
10108
58451
681918
12346
26557
40660
16926
8121
15304
32010
30953
37837
28852
32830
181492
75918
25646
87388
16377
16448
36260
19694
7518
9172
18595
48535
137188
16017
64077
16329
28588
32745
44842
23308
26317
59211
347484
80782
60559
59684
35402
15301
144607
69242
17316
87728
104098
98771
803418
121062
53223
15853
27468
13870
10007
130794
57183
43756
26595
160033
98483
7213
4051
478637
170758
35582
217238
8799
159944
223919
33065
18940
153984
51458
56987
34653
59778
78828
30176
37723
140848
51811
10488
7061
55333
26572
20114
53797
77726
67526
44029
90135
4099
252516
785600
35268
140906
191896
23554
16134
50686
18489
15575
47790
14434
245802
23670
20517
16879
57526
21687
106771
81155
30505
49974
31316
10490
10761
21497
119596
8518
30532
37019
92348
22056
136773
42479
48810
7107
64373
39877
15517
63658
21908
31115
38928
29239
28570
61205
36525
120258
71486
67923
30882
3654
107832
9361
29883
30290
34579
14746
77294
53365
53866
122091
18958
14221
28912
101063
8516
133009
19371
21240
24865
46316
39499
10160
4029
40839
39926
23881
45251
6166
16846
27508
91022
39319
167384
443892
17943
19767
15370
78170
68910
217381
17266
20634
37283
117592
51289
102001
31006
17851
36334
22999
18898
14331
29533
706126
258839
44431
32735
27697
42047
8909
42914
12367
56817
58545
78732
65399
54820
4428
121525
43187
13045
58092
46201
6277
36117
40356
31489
63279
325389
61676
28063
5263
138582
39954
333928
79580
50897
64669
51058
76601
11144
20395
116668
409290
61437
11863
89001
50688
14597
50402
91026
115006
68453
37062
15264
86324
16010
56361
39414
145445
14244
23641
131368
138738
148840
19655
97008
34792
336573
21048
71700
7880
22261
297156
29599
56889
101501
20370
15852
97948
172796
49708
24248
91777
5160
300594
123404
2842
18491
21957
4548
920014
12120
18534
27054
96885
38476
12906
53987
15421
44569
34793
10487
11373
22563
33711
10616
26818
64018
24377
155777
22473
22511
93381
2506083
67336
48061
25115
64755
67070
17725
23713
28576
20655
177462
80018
75820
62265
7253
93637
94845
45109
5262
27218
36432
64993
123484
37862
59961
11443
132021
53047
39845
44990
15180
92564
26710
61786
60731
174386
16207
4209
322632
28724
10901
42018
57551
14957
31594
376892
34403
59652
31253
44812
17249
8334
42691
28261
18079
31295
33589
48797
27392
9995
125289
282760
10168
24013
60219
49200
27762
14224
29100
31163
66479
16020
34307
23665
161156
25350
3723
74409
92907
47345
6967
21596
27112
23110
21567
28615
20700
25183
33718
23125
53753
118883
296806
27716
68372
9456
30347
32168
21428
83900
12630
76042
80129
65476
9212
33910
90539
84084
135688
99855
15302
22283
33735
53777
4848
53419
70555
9527
8243
59856
78319
30058
14274
46026
21353
40844
55945
25385
13730
37547
22540
64329
136207
52330
12265
17651
76395
38733
7264
58945
114969
39942
67875
61883
72370
28134
452231
39013
43526
104197
74912
18258
58525
83130
59599
84003
102960
10594
38604
6291
258629
67869
46613
32213
22142
73421
42602
20456
31455
81242
139164
19004
44550
69815
33161
18093
11953
48913
213026
122078
17399
47995
113661
17986
38200
27882
314241
33084
32528
131363
25218
11035
13851
342352
19956
74632
31559
41553
35714
11097
31931
11975
44260
26494
5167
30799
44323
150522
24443
23143
27708
1507
42230
9996
87580
19005
19301
17148
125074
5505
13535
5541
154146
84510
28987
85368
29784
65678
11624
19430
16547
57685
11002
205129
31837
19399
76326
56362
29215
14452
19064
1194
126571
46872
67625
54762
20643
122263
19690
126319
19680
31100
7225
9154
10954
28491
36888
27795
37531
14889
32933
29901
27471
113714
45772
50494
230553
20234
102191
125419
72537
20402
37959
129260
35011
66856
28998
27740
61380
56403
58901
1851
84066
47035
115711
59781
21212
17896
29696
32040
23954
29675
207956
101633
67451
168827
21893
258752
281009
15844
137702
4050
194192
13934
20672
40001
20712
30224
10743
19396
45946
71415
8091
20765
257583
18757
78424
33910
117642
29318
46372
19050
1285
90052
18301
174509
6549
28917
45762
41423
75270
182038
19634
29259
43908
32804
99190
48765
4979
33253
13062
98479
50054
96363
82081
47769
76262
24251
2958320
35859
16672
835984
17470
73574
56265
103319
18613
35276
113030
21507
31167
40068
72660
2208
21293
33075
7046
226057
23922
10636
8186
24597
12535
15107
16711
55947
30946
21259
100224
15916
24098
29940
65624
59173
24066
23932
142059
17503
135601
37883
49989
70492
918245
20838
40951
82752
35478
34000
21123
10564
42762
17449
2924
17618
346102
81509
88292
133978
31294
16541
39942
24015
147147
195216
15940
22093
46032
11941
120125
30066
66312
15923
22461
6269
92194
5396
17333
95694
49824
35759
64663
18116
126231
126091
148526
37533
3842
46159
46577
12140
87040
23074
85311
36070
36089
29072
25441
55139
19683
16866
27352
46393
83563
38365
146572
37110
29314
40655
88956
161027
84859
90112
26517
54590
35371
18324
6200
7012
38101
40429
11213
491927
21824
2378
106111
40153
70202
61632
62735
142883
123860
14156
14512
32634
20053
157398
30779
4293
18143
71841
66208
34785
24853
52382
5640
16907
87443
294047
186336
137551
61542
26983
46081
198475
41129
28125
13867
190090
64422
40463
81221
13125
100351
96288
18766
14161
23347
18120
123542
32704
15752
8140
51256
33768
57647
9004
27639
17852
15888
80972
31759
24015
5231
68237
24209
14151
40086
10427
27296
60513
73214
1114958
159398
41958
8817
27589
22106
53816
23235
92311
146067
50358
68389
49235
79039
2668
48413
33396
30807
29923
3737262
109392
27360
65436
75396
63836
55672
30420
40963
32172
63737
36881
83512
21297
16711
51883
25821
63054
24508
32047
40012
76713
82125
13696
83081
58611
53283
42937
35060
24482
215337
46770
56821
42345
96643
18330
172062
21328
64161
67256
16240
43053
52905
1173
166164
183536
119939
8807
221339
70493
28727
13407
215281
145295
95098
17809
32367
39633
69589
2417
33454
69588
41265
4577
18913
314444
27203
132678
35863
112879
30479
83847
27224
163962
194897
35826
269254
48615
45987
41277
3292
66734
312568
6168
30303
83433
81382
99745
354062
17406
33407
14747
30149
10369
172949
102299
59165
14120
30807
36715
30122
22081
36223
55141
18974
42455
35383
20967
9384
117726
294028
11085
734455
5262
43832
38084
193536
21601
16561
86136
38114
6567
89215
21605
123316
193970
29368
19476
40654
170159
132062
83624
34999
175009
71109
36874
45940
57752
135167
61442
234332
19112
10091
17374
19930
16631
61685
216223
66291
13828
23192
10148
21393
24017
360543
19429
12613
29827
8496
8637
207396
19397
69313
44752
13331
10301
19423
40840
107324
16377
326667
19532
9375
51824
165407
20184
7996
95052
17747
49754
265072
56796
106705
30759
23713
11550
56867
15992
16585
61678
24969
29352
69357
19321
896
23342
61873
19555
358551
36773
20315
246772
66928
11898
58118
44658
69584
25029
50987
20494
322586
959133
6991
15788
120807
114556
28358
76809
28863
32583
33482
50140
9066
17061
137681
69482
20633
25375
12367
46224
58841
16005
22753
14701
98475
225804
40675
252820
247675
113166
25315
152683
2529
27484
43630
14150
17984
69420
8976
15257
13725
21144
70550
73461
117092
39373
16832
30655
79508
238053
312761
26489
55797
25288
40308
29556
67668
440581
32207
23952
36521
53951
36442
13044
46324
145109
56343
31671
70944
114959
12411
4631
11401
32547
1265947
10910
39278
30961
58144
36793
30864
57708
28870
13618
27867
71912
31356
30996
10621
34430
193088
42095
26052
17914
35708
30909
47077
32066
31648
186783
45086
23719
355265
20951
537617
352427
43961
19164
84187
46092
323685
25587
28334
18726
2806
11092
15312
83428
9392
2704
102288
57582
45438
67002
95170
13429
14748
27887
47338
56349
25033
47417
37776
67052
47751
25543
68548
91991
12335
40094
24927
3347
26560
19237
41942
25004
54660
9282
108801
49993
18894
44155
26793
35757
62070
103680
61926
70030
21176
189972
47739
103597
70831
37573
259701
20186
48672
105535
24155
71929
72974
26996
645574
77194
13598
198469
142484
20438
30879
40596
11927
32603
33222
93821
90870
6868
8425
13047
16550
20319
37017
35172
23264
81958
56867
7916
9927
34245
13977
483031
45589
20965
77397
71495
33834
109497
36897
3343
20355
42862
42248
77959
56086
51656
25535
40128
36039
6935
36566
11541
178651
320795
20008
74217
254494
26014
26097
9136
18851
9679
80615
15622
17943
75377
8069
11664
77351
20178
38031
46989
43595
13747
64453
27711
29983
16155
52361
177522
155390
74709
45997
7896
29842
10944
13380
48695
22639
103747
33433
35558
80073
10907
390
56032
39263
23085
7032
55656
41386
44810
126144
28264
13474
13425
11674
195905
5407
13200
12085
53950
44035
55628
15655
84921
29002
13715
140572
11392
19070
39347
34677
59838
11457
25516
56598
48552
11000
62509
81373
47135
213384
11258
7809
22913
11419
60285
13462
88453
19660
50010
25632
30177
17380
62109
35585
32958
10299
8354
73312
97707
20554
22967
12426
12177
168963
23795
3702
20745
14307
16569
67968
69510
20716
21482
9836
17457
22061
89668
36213
15941
165404
61431
16119
16485
80532
239637
117144
26908
62258
4777
25347
79899
71382
177354
46533
15238
30902
57669
12442
49047
54887
46490
59469
4826
29369
7079
15217
17349
18828
36828
8694
52222
50640
47832
19156
40171
9419
17962
49751
9016
30255
85914
86381
30479
46954
11020
27364
22188
18540
53398
401561
27588
50167
4771
53034
7508
40378
39371
49902
187083
8303
7261
15050
33186
23011
62945
68052
55989
15190
49537
138218
36925
13134
68866
87001
96772
13545
3110
51352
7535
36949
46965
76530
16313
109772
95166
10568
2252
92791
40895
1011772
174302
37962
82376
55383
238136
30536
50271
47056
64716
48930
559271
40286
19560
35371
27009
6935
22457
29252
20672
21846
197037
11871
8753
17532
49028
23460
77876
13505
44340
35171
25097
45565
1344805
162809
20406
27226
29412
22521
79973
173186
286957
78013
81474
22788
13582
26946
32677
10165
39831
19397
161202
66723
17525
28138
18554
215155
27657
132598
8891
15506
203173
38589
68030
70645
26570
1535
202031
452177
49098
32323
104617
17821
10351
20538
22007
24203
2376
33050
416228
305566
26325
53567
24527
21154
2192
25426
8689
43081
53905
44725
117655
11146
41119
107363
22074
46034
23503
136681
113045
9010
4951
27189
527331
16588
205062
48449
76255
19970
7300
182391
24341
3053
25867
33123
35097
57911
49868
18189
12213
22637
20297
4686
102034
70403
43757
27933
148986
8399
156418
15441
37594
47485
22329
10318
14415
119508
215740
25837
123439
53174
61172
9593
80690
51462
34370
19185
8147
17574
66348
49674
129189
266972
9493
35477
37563
11081
44404
24961
3151
138645
67751
41130
12748
140332
8356
66935
46107
58174
58222
118506
69235
342046
49538
38187
10895
96565
38235
19957
284142
15527
26156
27887
3099
21231
130286
47259
28232
70986
19752
24550
54045
6354
18713
120320
66636
28251
87205
10856
58563
91367
97203
145819
37807
172652
22355
61507
82896
62578
15163
52309
82248
147446
23291
113366
68734
79292
88117
38811
149526
15580
2964303
34780
112992
63080
13091
61207
51522
42127
146784
11729
179896
359534
13451
65112
32318
49399
94330
24040
24473
71841
79732
58030
58733
111526
165334
24926
40007
256449
9132
57010
16990
27021
26411
50192
34121
37294
73510
41794
53922
116103
177936
102134
390671
75163
16790
73949
4909
41662
68732
25480
69349
49967
12468
109297
90598
7217
542988
1222
11239
39380
85836
53949
28840
140142
21512
225650
18892
51367
82297
29869
28106
15052
18474
4014
7889
63559
50086
279774
26571
25761
43397
56912
88805
78610
80415
81306
4457
52766
69945
22934
56265
48636
25784
19338
98353
41584
49021
48625
36574
47321
23805
38592
142593
135363
13752
36264
165422
36662
46642
97903
83044
72643
24858
62960
164669
72541
93712
19864
42350
58936
51239
39353
29123
82515
18164
28002
35083
68112
33784
10058
131761
58239
48235
33804
66579
20631
22232
25358
33808
23554
31960
46972
8918
61931
22111
5340
54492
39494
44692
25608
80396
4710
10063
152751
10574
38586
15840
98887
26621
31596
7124
51288
13115
31127
12456
38232
133065
27002
421
17469
8212
85371
17495
370717
10677
58447
23262
78435
12513
17292
42907
38515
136076
190920
49339
215023
11849
9631
42146
40001
11851
4139
33070
29786
227102
159814
57028
95125
18595
68501
118958
4564
121303
37293
1306267
11398
13726
84746
131611
56251
23475
17145
35549
40125
16680
30461
33067
39195
33193
15220
1298
27852
2091
9115
32938
25582
14622
43054
58662
16011
89899
56233
51252
6029
9429
14829
33709
22355
233518
79142
25184
46302
63640
24378
2655646
17765
76154
23284
24929
46016
43905
32343
48311
50534
67068
108028
6358
3060
349012
48512
78866
40845
23595
12250
27905
253297
68745
323291
79783
113976
31280
22385
98157
161897
8757
55321
80028
41514
117983
47396
7733
58547
9733
10543
5367
30542
16498
6106
35061
20842
793438
51241
23688
15139
44642
63474
12481
38839
503402
23925
5868
78816
43508
11768
46578
91217
35325
82878
38413
97336
34606
188703
36041
26099
51337
45632
12667
68770
135081
17137
64410
5258
18320
73191
96307
37555
119008
25039
12546
224995
7603
53978
100908
34170
71622
55944
42020
6580
13837
54431
105758
52531
8089
66212
15785
195879
37353
518336
22932
22920
10816
38639
65755
254028
7666
11803
82546
8958
30115
19937
323654
39983
39024
54718
355656
121858
14479
73116
13207
88196
21668
62229
24895
46039
92197
185837
5813
92419
75265
