37954
42982
83291
28787
54901
29391
15130
45462
25037
52592
10588
24319
15889
27198
36404
64774
28354
85852
29738
20060
126576
42949
21884
51689
60700
31776
26192
61582
42285
42899
22963
83068
54707
33145
50127
38222
32610
26149
69718
98424
41460
12411
110512
38160
73520
56012
28720
11976
60293
27300
114022
35283
49884
26329
8604
34742
64430
25761
30449
43117
13582
49077
42184
52104
42391
17956
46203
27388
25228
20372
73924
22203
12014
22647
48204
73392
137078
27272
25710
34012
35581
35113
215968
25513
34959
35614
35375
11875
20032
28297
96401
32837
34971
27785
19292
22195
68471
24511
62487
37584
17683
26469
48624
56719
23507
17798
53678
18885
57157
56207
61872
29476
24104
19882
18718
138179
96773
34092
26689
15303
82053
77540
25482
62636
54514
36941
5203
25868
35245
43727
43048
30840
44303
55672
3407
85091
28174
31099
112606
12231
30534
84274
25336
27954
10848
20345
26696
17715
26991
14886
28362
60520
85877
127352
37255
6887
99486
29929
48774
39168
130002
13011
14417
43138
12042
21070
9360
47310
24084
138856
50755
77139
39615
79990
46114
36569
79081
46228
41103
45305
20941
88677
27033
48484
36470
18175
24354
96902
8288
38177
44472
54177
11058
17236
66582
137406
22573
9412
57995
33502
23654
42499
38912
29782
31093
206014
36413
45604
35411
27318
72609
28567
22656
91787
43720
56214
25148
34095
20389
23275
56140
84543
41205
43497
35185
109169
48079
18806
11975
56863
39169
110169
41784
29302
36091
31980
34552
65622
5544
71262
21786
67035
41847
22544
54419
28812
13064
34185
32842
15975
12473
14847
29876
70465
6679
41432
20187
245186
15115
104291
69474
35544
21799
126241
12599
29374
25116
66590
14556
44970
18917
78841
27004
31000
32792
15642
49539
21102
45843
64144
24268
13922
32833
20189
41266
34794
26540
24924
42338
18073
27524
43077
20414
23782
35795
23138
47369
44685
42360
46162
49734
14298
111988
172363
26561
35404
120929
78332
24107
43620
39539
28744
17307
32259
46686
46237
14708
34980
24475
42525
45103
25970
56768
53014
25292
43585
15363
26769
77908
81736
12529
9725
66230
23922
11313
15570
32561
75508
59397
51594
28628
20102
36311
57047
36105
11818
39134
48547
54488
80163
29874
38989
45103
26541
24234
20713
37458
63019
40227
39194
101012
81854
80286
78481
26242
56079
18842
50059
112401
86615
129839
32810
25917
45759
29473
51936
38386
35977
51135
34705
40577
66434
31686
49375
32404
10647
17420
33688
56230
18074
40274
25549
33841
68703
34391
39882
73793
13895
18852
27493
9938
36163
22400
29775
28003
14121
20332
51025
32546
27782
21339
38943
64225
80415
29790
30032
4131
12128
14589
106872
60375
44841
46648
27956
29993
61443
296385
31873
20860
43343
26391
29567
26921
38372
48174
19444
34874
45541
72955
22342
67380
28936
68001
106344
9815
60895
28812
34551
73581
19146
66752
28237
21771
75702
42408
47151
18876
39013
20710
45300
19259
73865
43798
5965
17877
64507
40240
40865
33183
54720
34065
22421
60318
33403
77004
39115
40472
54067
17053
46172
40061
26334
33742
46332
38581
57208
68244
67539
31175
50933
12270
19988
28286
60536
17400
73336
9453
31733
30287
33148
32261
134412
50444
7131
42287
29873
32809
48895
23391
48012
45181
35338
34188
150461
75196
51872
9758
34075
70510
29406
85105
80288
45079
20888
12685
78187
51467
58656
26682
32116
27559
14670
42809
16172
36115
11834
128686
40121
17201
30463
63225
32608
17923
14409
19711
20151
42499
43594
69927
85402
31017
31033
50563
48919
56056
73051
38366
14308
23245
27248
8602
29446
25978
18157
161035
35560
11698
31539
21764
24035
66667
42872
55965
16655
36389
107125
22943
66285
22850
101542
72034
87497
17764
9784
21669
46072
30329
39236
12706
45036
17080
17625
81430
51330
24163
32133
65423
133745
26556
26071
24967
21688
43537
28273
29727
30648
20027
48501
46231
21925
60395
33582
31969
56825
119200
60916
7422
27923
20695
87609
37359
69556
16989
19823
17783
24056
31091
29298
43824
27877
43254
92041
37025
32942
45634
35115
32501
13132
61948
106170
55929
18136
82494
26159
51749
27735
6500
18060
36312
37524
34611
17313
70496
21457
12399
21101
16402
65467
54370
37005
61450
29520
37776
63555
71752
51666
65885
41819
20646
27326
28152
238933
18614
24210
18809
49084
17038
18616
34314
39268
33014
99275
40215
11673
32144
20748
21636
25467
24853
75036
21424
6793
30701
27766
61765
70718
41384
36236
89494
11197
32320
17359
15351
63436
126320
18755
45485
21881
109665
73940
134631
51993
45342
26489
31723
12653
219048
45420
16891
44541
24526
31468
41881
33951
16623
37054
121375
27829
43234
54917
14667
14767
5134
63272
41307
51705
40724
395475
42985
22635
22243
28211
29581
25200
60815
68440
28287
72851
47653
55358
97943
36117
94491
88128
53472
5333
54809
28477
23689
36251
32758
31987
37525
27051
42463
19566
40641
223071
36538
36883
24103
11702
46490
27889
19250
12724
15665
84479
56254
70998
22812
34523
63307
140616
28208
20045
116777
13218
27775
25962
52788
13414
34497
7402
70815
134081
32711
29512
17240
56310
42497
30536
39018
24721
94389
42121
45763
35177
47943
29622
27723
3720
53628
51153
24058
74321
47537
44991
60612
57594
67053
20008
41785
25019
46302
58613
42360
61041
48716
59498
41107
15313
15750
47269
51105
47779
70850
49489
54347
26662
55047
234207
23544
16868
75346
55904
17852
59922
20309
20346
25105
41092
40842
18486
41265
39814
32867
55367
51118
34386
60046
37989
77761
52067
31615
17130
3737
22239
21361
43603
6100
58052
71048
40254
32168
51463
60688
6790
77687
117555
48226
48522
21556
37282
53358
30983
23376
126366
36813
30793
42307
33525
31577
45712
20908
41649
25181
42431
117259
52302
48506
23734
72166
24186
239850
95852
32692
25353
56299
33871
9344
85870
34096
58704
136876
81064
16973
87396
17004
46941
30156
25963
15389
37064
57896
75973
38567
62307
22521
67525
50812
52663
13784
151434
63419
39973
25996
26790
37567
44982
24142
35997
57563
56396
22582
28192
20509
49080
147733
36513
53101
30008
36070
28448
12985
40149
27776
12319
65874
19827
36469
11915
12621
24857
38511
35161
44650
23203
20829
59230
14181
39820
68717
21269
17273
42969
45017
26543
53525
123170
50245
41058
37201
46373
17369
35255
276954
45147
44820
9123
55249
3811
22509
47157
44682
84852
88166
58298
42154
51555
34020
27938
78552
35040
20497
77716
47757
35117
32455
18593
33232
20075
8904
52334
52281
56688
52146
57071
87055
23123
25613
63471
43775
9784
54024
42528
141976
42074
28719
17001
30341
40887
47265
33891
76001
56265
88958
29070
16475
72414
85822
46431
37581
13054
18865
23956
33192
53741
22958
64748
35520
44166
153692
7945
26498
10320
48366
17037
66810
67666
85702
72493
79361
42152
93418
31859
22709
41507
30020
61356
8104
21072
46242
9378
46047
55063
8773
115210
19263
47359
103558
21102
78559
15624
113462
60551
143085
119659
6256
30278
35788
32724
13720
5211
25796
46757
16715
22485
26394
29431
78596
27706
31263
66181
58962
34066
28690
15129
33951
141145
51025
36071
25767
63022
22248
65658
28736
16155
21463
47036
23910
44202
42752
36349
44561
61437
21655
25944
37201
12164
30356
44381
23006
143689
23271
66129
101456
81636
64927
34504
27274
33740
12858
42027
45486
163413
24689
104254
24417
14516
46299
21404
27312
34573
41790
30023
29991
46891
42765
25246
41365
26521
31730
74502
25648
12907
5827
67437
153405
30430
121235
43840
98717
45245
66988
63381
41313
76257
144437
39658
13071
49118
62924
19503
25678
57040
14704
61560
45081
27280
60961
55885
27994
37076
32273
8544
24553
48910
54976
89443
25695
68219
68844
14161
36523
14146
60153
26890
20590
16030
31077
27553
23199
12686
33946
51744
17846
25218
11074
22981
344640
39438
35381
48159
30109
272706
53856
50615
57270
46764
27130
11966
29371
45554
47933
28671
23779
28876
30184
72365
54777
24675
82529
33705
35562
40921
22089
132205
19231
45180
16012
6884
76022
41028
25199
5643
54272
33126
43614
19630
29588
49850
46014
62615
19056
37776
48574
18439
42228
16702
89641
112331
77484
35934
44299
38317
33427
48424
50177
10703
31473
12428
139411
27487
75568
14737
122649
23414
23212
28095
41704
21851
40340
19247
58325
40695
62772
26984
31322
25863
24681
119881
19464
97724
80113
19405
68108
107471
18318
79303
51790
82217
74061
102754
19997
20213
29812
88515
24360
88843
57189
35924
63429
22654
100515
37679
9207
29626
88319
30841
74596
24204
56268
8735
100914
14676
17684
55571
74630
20019
23211
11138
28333
55965
22154
43492
84229
31373
7479
31463
14039
7052
35695
84080
74703
8427
39208
30966
29085
32979
20808
19851
109606
20851
12281
73255
111495
26919
115245
15592
18384
28075
31496
39010
36426
29391
56678
66376
46949
55224
45320
45420
82532
88281
30583
57093
18671
20652
105154
41663
107600
25913
30967
19351
70832
21037
121521
6514
22000
53203
30723
40565
63977
17857
31268
33982
26950
55500
79148
45836
68459
55597
34434
35538
163307
22062
41638
89230
83755
31774
49077
53332
19721
62325
28366
28889
29595
25026
23644
49713
204118
48735
68399
99529
28919
48987
19912
39822
28107
27551
29385
90159
49820
165444
21759
53300
51254
46844
46277
32078
44255
99562
25536
19884
22620
20078
28640
20373
494570
37929
15563
62174
15944
10561
65170
44912
31478
45950
57323
62505
26288
78544
17597
43654
47612
12035
41937
34156
3343
37036
153444
38226
33577
11774
46355
9499
71570
23910
58320
47357
12224
24959
56010
17939
21003
39578
46280
66708
22563
21351
30956
37591
22943
40032
74982
13009
29584
33369
19222
34453
46015
17305
43199
20261
51016
25630
80374
22281
37672
26585
61468
26364
49591
18755
38058
36612
16846
47132
48248
127431
64062
27043
29441
47741
34656
29529
41946
12682
38449
10707
14026
21226
80865
16367
46960
52222
80534
17531
36865
70673
20588
18291
11802
88901
23261
26812
28885
38613
13423
21543
13650
24913
9031
32630
15114
45608
11283
48774
21198
71541
36449
43301
34943
30852
20341
23412
29996
17774
27179
25680
45040
34352
41837
55419
53740
83079
48842
27508
47361
25874
30367
51737
66840
71969
15749
44298
58438
72686
31179
27740
24301
95448
59293
33505
28342
23387
22046
57078
105108
21458
25538
17880
16779
14975
14795
52521
84724
28832
12584
8949
60021
42334
69777
31441
35811
2331
50067
50739
59576
33895
58431
66978
30771
15045
62307
31372
27560
49915
12411
59761
32753
33286
65324
40886
13825
25124
40506
38243
46908
14720
54493
44274
52358
53192
74976
35409
44288
27293
23647
32863
11020
15180
25106
32030
46459
54911
41169
30067
32448
29017
29196
63835
15649
15790
28676
55657
43166
50429
19410
78662
34860
15408
34099
43890
19207
111560
28720
32088
12172
69206
11437
59304
20648
20560
24338
26398
41217
53647
39272
30600
37280
59217
41404
20587
12041
37699
25755
81826
32738
104293
27456
27553
29289
33511
87555
79184
9993
24585
28295
11195
39211
8696
17240
26244
33374
27633
48428
43333
25971
85291
20140
48639
22757
105453
15059
40600
27468
28226
61857
28187
44381
34088
34859
50060
42869
120364
15714
27184
23028
16105
10274
119818
28520
36192
15625
24662
36941
23995
26928
6041
86453
52926
6709
159673
42543
24544
31076
14184
59092
16679
36182
22481
29067
51473
45215
19266
77488
59596
9803
93639
30959
53344
16109
53732
44428
29703
71013
22092
18339
32292
6932
49936
41006
26304
25392
32975
42338
50095
58877
19271
41345
9443
19028
59590
16008
43597
60528
31086
65806
79201
62628
26488
57168
7764
53986
33192
38276
24035
31108
43881
41916
35103
34267
16820
23766
34692
41648
9889
39673
22030
31277
48667
14079
13850
72479
27112
5096
177107
57764
5535
25003
90752
63476
37996
29772
31272
16596
44874
69461
16617
33017
24022
70025
34517
62064
3764
61481
62580
25679
33838
37733
73945
27750
159039
35958
54544
16136
54122
40573
8349
37249
116289
31495
30065
42257
45622
48151
27859
17989
44015
36209
35939
53843
60511
50905
51597
98505
133223
35791
71646
94839
13209
52481
32038
47026
32091
76397
9293
13431
20419
40341
32196
34348
28195
9183
24735
20522
64450
7944
59216
46070
38720
76764
24736
39595
23704
28670
29289
81879
37173
74274
24134
22875
34820
80093
32239
114958
56241
21543
68335
24240
31183
70923
23456
9170
69725
36795
33229
26676
12877
15551
14535
19205
137213
20014
72068
10168
47887
26837
20117
45603
84547
24840
27219
32919
38408
61935
63964
76162
113383
32327
20037
50305
96249
5705
29548
24681
29397
45871
36884
15100
95461
42173
42098
56313
2510
73627
39811
23539
28173
13102
31600
25260
73852
18851
58872
17638
49622
51673
38042
28116
31667
34015
40480
78438
18625
79168
3998
34585
13371
37074
37071
33053
51432
149047
438338
12455
32438
97667
46311
67730
22534
40394
40193
22260
39616
27742
15001
32011
17836
17352
58693
40510
44362
14024
40463
41842
7154
27856
5121
26330
15746
5957
19694
16516
60216
35381
32900
18395
27569
30725
36903
37400
25495
26445
35119
171506
51328
23298
22343
41220
44712
13964
18778
22561
51286
39167
17164
49352
41923
32189
41864
82519
102541
61027
31940
28353
24771
45307
44340
72897
40885
29955
31122
21633
30546
83543
34663
66539
124724
45524
21180
37242
27567
8592
51613
29864
17256
53916
54453
13826
80636
65512
40791
48350
37538
35666
7817
18335
154567
31179
17698
30534
45216
13382
19750
31487
11634
27833
31263
38969
45005
31622
24413
12679
32680
15912
17725
40694
34054
76899
18927
104999
16468
72884
47094
28152
53678
24284
23516
16652
104791
19629
20894
61266
27567
47585
2812
49468
34385
22223
17985
10963
14927
26859
14453
116757
49824
63100
30527
59851
20598
58319
141981
29568
69363
45047
39649
17206
34991
25856
39888
78445
40587
32717
24913
26467
38000
74300
30371
123335
24174
16669
85825
38086
69022
85746
57404
41026
56548
6400
14035
187860
44499
17106
21974
42736
27636
27085
18237
36925
24845
30686
91228
22081
40458
28700
41217
71462
25969
24760
94494
30885
40152
40341
34087
44692
71997
27710
74263
27112
89558
29909
40282
19816
93847
37590
18118
55748
58693
101850
9661
22988
36568
16570
10669
32304
31989
84942
56390
136411
33361
21669
33403
31485
54061
63791
36308
35362
161882
55769
59736
30972
33821
30764
29404
18213
15473
31835
34042
59705
45599
20836
57375
45585
61888
34074
59999
19479
74910
22846
61309
31319
35502
9014
65914
46439
5649
44964
43711
19459
15808
25436
32475
36125
19011
25460
45824
53563
35302
30466
26262
3860
17023
25104
46996
21322
30377
43795
40194
21046
57622
33501
24598
50838
55568
45435
31968
16713
16575
9454
23149
56063
14577
39352
24522
52370
93691
36459
42702
46769
18916
37153
105339
44449
46429
116166
70069
33908
81339
35020
32767
37095
55165
39783
22529
37806
37981
87191
46130
64985
35701
42365
31086
19298
43087
32071
22869
39130
41816
27756
68259
79163
28369
25589
26792
33668
42848
55810
65438
36010
26009
146851
72198
18063
30188
47806
19148
51659
32955
66067
32611
39956
46340
12800
46700
18467
30560
16985
17487
75477
37346
41442
56670
65274
20287
42640
77642
63481
59093
30035
29343
46099
39909
53242
9538
52655
26285
27592
21443
41177
9884
22711
54685
45528
33790
44508
51212
74230
108277
23371
26170
74815
47654
24033
39921
34320
6450
29911
36665
31654
5364
45305
28113
49794
51841
12711
90588
31597
29966
51212
7434
26112
33857
66648
37661
28999
42450
32787
16964
34581
75024
28329
75438
66364
10382
39362
25963
50931
26763
12764
46438
19278
32436
38922
9941
53593
9721
66087
16127
40023
29876
33812
202790
38779
15907
29894
26970
12183
26533
17297
167516
34917
49352
108764
15613
51582
33952
35200
9730
10249
72179
16390
13535
45058
20554
72080
96045
13161
73601
19072
7420
100479
85766
39263
23919
29501
23123
64283
43490
41773
129233
41858
50098
18626
28172
113316
22385
32737
32258
45509
14798
45522
47973
31227
36486
53762
45099
43182
52865
36727
56209
56988
31212
27528
117389
64565
30090
34053
41073
26248
17590
51905
21422
16662
22539
230754
66815
46203
38751
27776
26594
22343
84853
40843
11062
60222
60801
21928
18844
28141
19982
7792
26818
16240
10010
100625
22161
78755
15589
86909
33183
15862
21879
26584
8339
50211
19718
50789
13405
130919
15238
13609
23128
53866
23224
36998
14352
24310
924926
98863
24902
22895
29629
24717
22995
25707
19140
52507
41691
85680
50752
117753
43143
40315
20702
31818
41758
57209
11021
67279
52889
14524
58916
57046
33776
43071
18677
21388
36034
27980
44353
39782
29161
23265
49116
50299
69079
81022
50172
21041
16633
93167
13488
71106
63807
55136
54973
36021
44354
15299
23121
13686
19822
24280
159001
15249
27485
114734
34891
74311
65554
37902
29769
9899
80069
23505
29556
21207
26187
22799
47323
16081
37397
30318
72265
4950
11551
61361
108277
19955
33703
23426
28928
43109
206292
57955
29183
23798
11258
24975
87124
32282
37916
44520
39186
22435
27040
31334
81321
26371
37876
5904
72373
15482
7799
47359
36054
13600
40339
85599
11285
346786
20907
61181
181930
12806
57631
26515
60833
43961
56559
44039
39369
8574
33275
44557
25674
56880
47416
56681
32689
46792
38289
52273
73892
38518
40751
44139
74270
64471
27921
34905
57457
40854
12833
51194
21393
17674
33451
47843
49153
91525
65039
44239
23823
39567
192054
25238
12532
38218
19091
33825
303486
81270
35812
29267
30471
12750
5410
23164
16835
35530
15703
44490
24892
30464
61021
47656
45869
41782
30422
80051
38397
22105
19224
35899
36846
44070
20030
32293
26058
33678
76288
19421
27444
75008
29845
50304
113022
15481
34499
28325
21286
181370
25546
17637
10549
59267
11581
30212
21534
42116
16150
25123
93158
18108
63367
99603
39283
9219
76554
12288
162775
18746
43833
24713
81682
35007
69290
46098
42811
21276
21843
74981
30581
37386
21951
54574
117382
25612
21636
56726
81019
15221
73599
48524
42942
13042
66076
5503
14605
91013
27128
31236
65469
19737
36606
22566
50211
29869
15223
30521
31347
18409
40640
29522
72700
74192
66392
72788
16618
48782
58580
82893
71071
59533
64755
44261
62316
99966
14559
76457
17673
21114
50219
18715
99700
60801
34714
90521
26796
140633
53191
14349
30943
38062
51457
11682
38360
64396
63039
38668
16757
45016
99634
154707
4735
7020
29737
28182
16495
11391
159966
21133
43714
56784
41353
11574
42254
21967
14955
45897
205647
17054
27975
36610
20947
12943
19621
31494
30832
34994
29489
32001
91953
53941
27360
58816
20504
20561
34070
23100
12297
14027
22261
40891
77522
20210
48583
20464
29317
31949
38922
25740
27814
46266
136527
56042
46915
46494
33560
19618
80055
50965
21258
58957
65480
63406
227181
71819
43305
20075
28582
18403
14857
75294
45277
38330
28001
85162
63293
11964
8142
165858
88599
33667
102594
13647
85133
104503
32146
22526
83184
42407
45181
33111
46539
55204
30340
34927
78778
42588
15323
11796
44363
27986
23417
43594
54728
50182
38479
59945
8207
112434
224108
33480
78798
95129
25913
20305
42010
22179
19846
40499
18887
110605
25995
23717
20909
45445
24577
66505
56201
30549
41642
31060
15325
15584
24439
71286
13357
30566
34517
60844
24845
77378
37627
41035
11847
48721
36166
19798
48386
24738
30934
35624
29739
29306
47224
34226
71527
51978
50364
30788
7599
66909
14217
30153
30413
33067
19152
54541
43377
43629
72191
22540
18705
29528
64304
13356
76071
22855
24251
26826
39716
35951
15005
8113
36711
36194
26143
39143
10779
20883
28609
60306
35848
87527
158435
21753
23155
19676
54920
50815
102635
21218
23804
34671
70553
42320
64669
30865
21681
34113
25520
22494
18799
29929
210051
114139
38698
31943
28733
37387
13759
37868
17074
45097
45943
55163
49200
44107
8643
71987
38018
17681
45722
39654
10908
33985
36438
31169
48208
131181
47449
28974
9700
78002
36210
133263
55528
42119
48860
42201
54239
15947
23626
70213
150810
47335
16615
59481
42011
19026
41863
60308
69600
50606
34542
19588
58376
20204
44873
35902
80338
18725
25974
75496
78056
81477
23070
62710
33194
133904
24110
52074
12686
24993
124137
29971
45133
64475
23607
20075
63082
89242
41504
26398
60613
9573
125009
72665
6420
22180
24773
8798
246669
16849
22213
28307
62661
35364
17557
43690
19719
38774
33195
15322
16161
25209
32541
15446
28150
48555
26488
83774
25145
25172
61261
453288
50095
40642
26998
48900
49973
21581
26025
29309
23820
90703
55716
53898
47729
12007
61364
61848
39066
9699
28416
34171
49011
72694
35009
46628
16226
75725
43216
36148
39002
19517
60931
28078
47501
46998
89741
20365
8353
130504
29406
15718
37371
45458
19330
31235
143438
32960
46479
31021
38905
21205
13166
37744
29104
21859
31047
32467
41029
28532
14845
73341
120444
15014
26235
46752
41239
28777
18707
29649
30964
49700
20213
32902
25991
85526
27158
7694
53278
61070
40263
11691
24511
28346
25599
24490
29335
23853
27044
32545
25610
43572
71026
124048
28746
50569
14312
30449
31592
24388
57363
17311
53995
55764
49236
14067
32662
60110
57440
77003
63832
19619
25008
32555
43584
9182
43404
51559
14382
13071
46577
54985
30265
18751
39560
24333
36714
44667
27182
18281
34825
25193
48701
77183
42852
16982
21523
54149
35512
12020
46137
69586
36203
50342
47547
52374
29021
160236
35673
38204
65519
53499
21999
45933
57038
46453
57406
65041
15425
35438
10924
114082
50340
39874
31620
24907
52841
37695
23672
31148
56239
78202
22575
38763
51225
32205
21870
16697
41089
101378
72187
21324
40607
69100
21787
35205
28856
128430
32157
31815
75494
27068
15844
18386
135297
23298
53376
31213
37111
33746
15902
31445
16717
38606
27933
9581
30735
38640
82038
26534
25622
28741
4190
37488
14846
58896
22576
22802
21124
73265
9995
18112
10038
83237
57619
29577
57978
30089
49329
16395
22900
20641
45523
15813
99073
31386
22876
54119
44873
29724
18903
22621
3583
73799
40012
50228
44078
23810
72253
23097
73710
23090
30925
11977
14009
15768
29254
34440
28798
34816
19273
32064
30165
28584
69120
39424
41911
106377
23506
64743
73388
52448
23632
35065
74754
33326
49874
29584
28762
47308
44893
46116
4812
57433
40099
69860
46541
24230
21716
30033
31513
26193
30020
99902
64526
50148
87986
24727
114115
119990
20068
77699
8141
95821
18458
23832
36237
23861
30370
15567
22874
39517
51946
12911
23901
113802
22385
55030
32662
70571
29790
39746
22610
3764
59911
22033
89780
11220
29531
39418
37039
53657
92121
23055
29752
38413
31985
63571
41012
9346
32261
17696
63291
41683
62454
56595
40488
54091
26400
501326
33832
20742
232730
21380
52909
44825
65180
22275
33485
68865
24446
30967
36275
52503
5418
24289
32152
11779
105110
26171
15465
13010
26641
17225
19456
20774
44668
30828
24265
63976
20127
26294
30190
49305
46247
26272
26178
79191
21407
76973
35021
41649
51531
246380
23955
36774
56879
33605
32716
24165
15396
37784
21363
6544
21497
136196
56352
59189
76409
31047
20637
36203
26236
80910
96129
20147
24872
39563
16686
71478
30270
49623
20133
25136
10899
60782
9862
21272
62187
41564
33773
48857
21888
73678
73628
81372
34817
7859
39632
39855
16867
58673
25574
57954
33957
33968
29632
27220
44267
23092
20899
28505
39757
57221
35300
80717
34570
29788
36607
59462
85485
57765
59936
27949
43992
33542
22050
10819
11741
35147
36480
16012
168641
24677
5696
66253
36323
51400
47428
47951
79471
72829
18650
18954
31881
23371
84304
30722
8465
21909
52137
49575
33191
26818
42878
10157
20931
58839
123346
93440
77647
47385
28260
39590
97103
36874
29015
18401
94583
48745
36498
56229
17751
64026
62424
22392
18653
25767
21891
72715
31924
19993
12962
42303
32575
45505
13856
28695
21682
20104
56123
31337
26236
9660
50508
26372
18645
36285
15264
28468
46893
52749
277204
84956
37337
13666
28662
24881
43604
25688
60829
80548
41841
50577
41257
55295
6154
40827
32349
30740
30178
577766
67500
28511
49217
53712
48470
44532
30495
36780
31594
48423
34435
57199
24293
20774
42624
27479
48102
26579
31517
36243
54288
56614
18252
57018
45975
43335
37880
33356
26561
102046
39958
45099
37553
62565
22055
89010
24316
48622
50058
20392
37944
43144
3540
87137
92582
71411
13655
103769
51531
29408
18000
102030
80287
61949
21647
31716
36027
51123
5758
32384
51122
36950
8835
22505
128480
28407
75955
33835
68809
30533
57340
28421
86432
96033
33813
116911
40933
39539
36957
7085
49818
128013
10781
30421
57166
56298
63789
138092
21329
32355
19153
30322
15208
89290
64785
46243
18619
30740
34338
30306
24863
34048
44267
22552
37614
33549
24050
14240
70602
123341
15891
215129
9699
38372
35137
95624
24515
20653
58297
35155
11241
59569
24518
72633
95754
29822
22935
36607
88409
75739
57247
33319
89936
51809
34431
39514
45556
76822
47337
107435
22658
14939
21304
23278
20709
47453
102302
49613
18366
25657
14994
24363
26237
139623
22900
17295
30117
13335
13481
99738
22875
50998
38873
17933
15143
22895
36711
66716
20504
131494
22977
14231
42594
86895
23469
12810
61931
21599
41527
115803
45087
66480
30710
26025
16325
45122
20190
20673
47450
26897
29812
51018
22817
2952
25764
47542
22995
139154
34372
23567
110871
49907
16647
45735
38822
51120
26939
42165
23700
130493
252986
11718
20022
71726
69433
29168
54330
29496
31849
32401
41728
13919
21055
77692
51074
23803
27176
17074
39666
46087
20200
25345
19114
63290
105038
36618
112516
111118
68916
27134
82755
5936
28593
38261
18644
21785
51046
13828
19581
18277
24180
51557
52859
70369
35879
20871
30644
55497
108470
128062
27929
44593
27116
36411
29943
50247
157715
31617
26192
34224
43672
34177
17679
39720
80225
44864
31283
51735
69582
17113
8906
16187
31827
299428
15726
35824
30837
45747
34384
30776
45534
29501
18184
28845
52169
31085
30859
15451
32977
95489
37413
27636
21730
33742
30804
40121
31529
31269
93577
39054
26029
138377
24039
177991
137704
38442
22698
57483
39596
130763
27320
29152
22361
6365
15898
19627
57164
14248
6209
64781
45473
39244
49941
61978
18019
19154
28859
40260
44866
26941
40302
34958
49964
40478
27290
50650
60700
17044
36290
26868
7165
27978
22753
37328
26921
44027
14138
67277
41652
22491
38548
28134
33772
47636
65319
47568
51323
24204
94547
40472
65287
51684
34840
114370
23470
40963
66033
26334
52176
52642
28269
198918
54497
18167
97101
79335
23658
30786
36574
16673
31861
32242
61438
60245
11581
13261
17682
20644
23569
34515
33423
25708
56543
45122
12725
14778
32865
18495
166781
39325
24049
54586
51982
32616
67540
34445
7159
23596
37838
37499
54829
44737
42508
27285
36309
33939
11655
34250
16317
91073
130052
23337
53193
112969
27609
27666
13991
22458
14533
55971
19885
21753
53704
12887
16431
54565
23464
35107
40075
38242
18296
48759
28743
30217
20323
42868
90721
83646
53410
39545
12704
30126
15758
17976
40975
25264
65345
32371
33653
55739
15723
1685
44710
35816
25582
11764
44523
37018
38904
73647
29106
18058
18015
16440
96335
9876
17817
16817
43671
38483
44510
19912
57791
29586
18269
78684
16179
22626
35864
33126
46569
16239
27271
44990
40900
15811
47844
56294
40152
101482
16054
12610
25459
16204
46783
18047
59256
23074
41660
27351
30340
21309
47655
33669
32080
15141
13187
52793
62986
23744
25497
17127
16901
88029
26083
7666
23886
18779
20659
50385
51087
23865
24428
14689
21370
24849
59754
34042
20148
86894
47332
20293
20591
55936
108909
70388
28210
47725
9092
27156
55665
51931
90669
39831
19565
30800
45516
17141
41159
44141
39809
46390
9155
29823
11816
19549
21285
22440
34404
13540
42797
41986
40521
22691
36333
14275
21768
41526
13869
30390
58205
58399
30532
40056
15830
28513
24940
22218
43394
149073
28662
41742
9085
43209
12286
36451
35878
41604
93668
13133
12016
19409
32220
25529
48050
50423
44689
19526
41415
77877
34462
17759
50795
58656
62616
18120
6821
42352
12315
34476
40061
54208
20452
67643
61977
15399
5491
61023
36742
261329
89715
35067
56720
44388
108493
30569
41796
40110
48882
41098
182312
36399
22999
33542
28277
11656
25133
29748
23832
24693
96674
16621
13600
21429
41149
25846
54793
18085
38649
33422
26985
39313
310619
86060
23635
28422
29851
25180
55696
89364
121528
54852
56337
25371
18152
28236
31907
15010
36140
22875
85541
49813
21424
29024
22228
101994
28707
75927
13742
19789
98496
35429
50413
51600
27984
4242
98159
160225
41186
31688
65680
21657
15191
23732
24810
26367
5692
32137
152359
126262
27820
43479
26592
24188
5393
27210
13534
37959
43649
38859
70576
15948
36868
66731
24858
39564
25877
77347
68871
13863
9311
28398
175914
20675
99053
40846
54088
23308
12059
92230
26463
6736
27510
32181
33378
45634
41587
21946
16934
25262
23553
8976
64682
51491
38330
28889
81526
13233
83984
19735
34852
40337
25042
15159
18871
71254
102163
27490
72678
43280
47208
14448
56003
42409
32941
22714
12969
21462
49640
41486
74728
116307
14349
33605
34834
15887
38684
26892
6881
78023
50285
36874
17416
78602
13189
49911
39604
45762
45785
70888
50962
135224
41415
35197
15711
62534
35225
23298
120802
19806
27705
28859
6804
24244
75116
40218
29085
51754
23144
26608
43719
10997
22352
71549
49773
29098
58741
15675
45951
60447
62787
80464
34976
89196
25060
47369
56940
47877
19503
42841
56666
81011
25727
68991
50734
55404
59117
35557
81706
19850
501942
33187
68851
48114
17721
47225
42440
37431
80789
16491
91459
139385
18038
49066
31685
41343
61642
26254
26554
52137
55593
45692
46034
68303
86872
26868
36240
113496
13986
45192
20998
28286
27878
41755
32790
34678
52880
37246
43657
70005
90850
64721
146603
53610
20837
53075
9258
37172
50733
27247
51014
41638
17165
67464
60134
11968
179069
3638
16036
35883
58173
43671
29481
78537
24450
104994
22489
42360
56687
30144
29003
19410
22167
8093
12696
48340
41700
119669
27985
27439
38133
45144
59401
55111
55886
56266
8681
43074
51284
25474
44825
40944
27454
22830
63241
37129
41146
40938
34255
40251
26090
35431
79373
76890
18301
34072
86900
34307
39890
63064
57002
52495
26821
48058
86658
52450
61394
23228
37555
46132
42294
35867
29664
56779
21926
28934
33370
50451
32585
14906
75634
45794
40734
32597
49746
23802
24972
27164
32600
25913
31463
40065
13770
47570
24885
9793
43943
35948
38840
27335
55877
9006
14912
82777
15406
35428
20065
63452
28018
31236
11866
42320
17742
30942
17154
35223
76090
28273
1773
21379
13038
57979
21400
142005
15504
45895
25707
55035
17205
21239
37864
35386
77137
94834
41312
101956
16601
14486
37442
36237
16603
8261
32149
30091
105405
85091
45201
61960
22260
50628
71053
8819
71906
34677
305183
16184
18278
57718
75581
44818
25857
21122
33648
36307
20749
30521
32147
35777
32224
19551
3789
28835
5224
13969
32068
27317
19048
37944
45999
20205
59849
44809
42301
10619
14285
19222
32539
25060
107208
55340
27044
39708
48378
26489
469526
21613
54044
25723
26870
39555
38412
31701
40773
41932
49972
66983
11002
6747
136891
40879
55221
36714
25942
16968
28870
112646
50739
130666
55615
69217
31038
25082
63164
85766
13604
44357
55720
37090
70696
40291
12529
45943
14587
15376
9827
30572
20602
10709
33356
23958
225463
42295
26007
19483
38813
48300
17176
35573
171020
26173
10429
55199
38194
16527
39855
60386
33514
56932
35328
62840
33083
94162
33940
27667
42345
39348
17344
50751
76792
21115
48739
9693
22047
52739
62432
34830
71071
26946
17235
104809
12389
43686
64243
32819
52039
44666
37372
11256
18374
43913
66118
42955
12908
49577
20019
96327
34712
174085
25473
25464
15636
35458
49365
112843
12457
16559
56792
13810
30301
23283
130755
36227
35679
44056
138469
72107
18926
52705
17824
59150
24564
47712
26846
39567
60783
93288
10364
60873
53655
